REC
0,0
D
1200.00000
300.00000
1200.00000,300.00000
-color
t
202,150,96
SPL
1.96153,321.67308
15.96153,330.42308
32.71153,327.67308
53.21153,320.67308
56.46153,292.17308
54.71153,266.67308
31.46153,262.17308
12.46153,277.17308
-13.28847,274.17308
-35.28847,282.42308
-44.53847,295.92308
-35.78847,312.17308
-15.03847,315.42308
C

-color
t
109,111,64
SPL
-33.08333,262.23333
-11.83333,269.23333
5.16667,273.48333
19.16667,267.23333
27.16667,256.73333
34.66667,244.73333
49.16667,236.23333
64.16667,228.73333
70.66667,212.48333
51.16667,191.48333
12.16667,215.23333
-2.08333,217.48333
-16.58333,217.98333
-32.58333,225.48333
-38.08333,241.23333
C

-color
t
202,150,96
SPL
-5.18750,158.83334
-30.93750,174.83333
-28.18750,195.83334
-17.93750,206.83334
-1.68750,207.83334
13.06250,200.33334
21.81250,184.83333
45.31250,175.83333
52.81250,162.83334
46.31250,150.83334
30.56250,149.33334
14.06250,159.83334
C

-color
t
77,88,69
SPL
5.13461,139.63461
16.13461,147.63461
33.38461,146.63461
42.38461,134.88461
55.88461,120.63461
53.63461,95.88461
33.63461,90.38461
17.38461,101.13461
-0.86539,101.13461
-19.86539,104.38461
-29.86539,116.13461
-26.11539,129.88461
-12.11539,135.88461
C

-color
t
202,150,96
SPL
-29.35938,72.51567
-39.60938,52.76567
-30.85938,36.26567
-15.85938,33.01567
7.14063,34.01567
20.39063,23.26567
54.39063,10.51567
64.14063,23.26567
56.64063,41.76567
43.14063,47.26567
28.39063,56.76567
25.64063,78.51567
21.14063,88.51567
6.39063,94.76567
-8.10938,98.51567
-24.10938,90.76567
C

-color
t
109,111,64
SPL
1157.44444,315.13889
1141.69444,311.13888
1135.44444,297.88889
1135.44444,279.38889
1152.44444,262.63889
1172.69444,259.38889
1190.19444,263.13889
1200.19444,276.88889
1208.19444,286.63888
1215.44444,294.13889
1221.94444,299.63889
1226.94444,306.63889
1227.69444,316.63889
1222.19444,325.13889
1211.19444,329.13889
1200.69444,325.38889
1192.94444,317.38889
1181.94444,311.13888
C

-color
t
77,88,69
SPL
1151.88158,236.40790
1159.38158,249.90790
1173.63158,258.90790
1190.63158,258.15790
1202.38158,250.65790
1208.63158,237.15790
1213.63158,222.65790
1226.38158,215.15790
1238.63158,208.15790
1242.88158,196.65790
1235.88158,186.15790
1218.63158,186.65790
1195.13158,194.90790
1184.63158,201.15790
1172.38158,200.65790
1151.38158,190.65790
1139.13158,198.40790
1138.13158,217.15790
1145.38158,225.90790
C

-color
t
202,150,96
SPL
1180.47059,173.26471
1156.72059,164.51471
1152.22059,139.76471
1155.22059,119.01471
1159.47059,108.51471
1169.97059,96.01471
1189.47059,89.01471
1204.72059,89.76471
1213.97059,101.26471
1208.72059,115.01471
1194.97059,133.01471
1199.22059,148.51471
1214.22059,158.76471
1219.22059,173.01471
1213.47059,183.76471
1203.72059,186.76471
1191.47059,181.51471
C

-color
t
109,111,64
SPL
1155.66667,72.10719
1161.41667,83.35719
1174.16667,91.35719
1186.41667,88.85719
1201.66667,84.60719
1215.66667,90.60719
1227.66667,94.85719
1241.66667,92.60719
1250.66667,77.60719
1246.16667,66.10719
1227.91667,59.10719
1212.66667,50.85719
1199.66667,41.60719
1192.16667,26.85719
1184.66667,13.85719
1169.66667,7.35719
1156.16667,13.35719
1148.16667,27.10719
1137.91667,39.10719
1137.66667,51.85719
1145.66667,62.10719
C

-color
t
202,150,96
SPL
154.38722,160.01961
165.38722,179.76961
183.13722,190.26961
227.13722,182.01961
253.63722,163.76961
254.13722,142.26961
241.88722,132.76961
214.88722,129.26961
202.88722,112.51961
204.13722,93.76961
212.63722,79.01961
240.38722,65.51961
255.38722,34.26961
255.88722,5.51961
239.88722,-6.23039
213.38722,-16.23039
174.63722,-8.98039
164.13722,-22.98039
165.88722,-52.23039
193.13722,-62.48039
223.38722,-69.23039
227.63722,-94.23039
218.88722,-108.48039
201.88722,-117.23039
185.88722,-140.48039
188.88722,-162.98039
183.88722,-184.23039
161.38722,-195.23039
131.38722,-192.23039
122.13722,-175.23039
126.13722,-155.98039
138.13722,-136.48039
152.63722,-121.73039
151.38722,-100.23039
134.38722,-89.73039
122.88722,-79.98039
113.88722,-64.23039
110.63722,-48.23039
115.63722,-24.23039
124.13722,-6.73039
146.38722,9.01961
170.13722,15.76961
192.13722,24.26961
194.88722,40.76961
185.13722,51.26961
167.38722,60.76961
149.63722,68.76961
147.63722,95.26961
163.38722,108.51961
170.13722,126.26961
165.38722,139.26961
C

-color
t
109,111,64
SPL
269.63333,208.58749
251.13333,216.08749
235.13333,220.58749
225.38333,214.08749
222.88333,201.83749
226.63333,188.83749
248.88333,180.58749
265.38333,171.33749
269.13333,156.83749
260.63333,142.58749
248.63333,130.83749
227.38333,121.83749
222.63333,99.08749
230.63333,82.08749
246.88333,73.33749
272.88333,53.58749
285.63333,34.83749
283.88333,11.33749
261.38333,-4.66251
262.63333,-32.16251
273.13333,-50.41251
265.38333,-69.41251
243.13333,-79.41251
238.38333,-106.16251
240.63333,-125.16251
257.13333,-139.41251
269.88333,-161.41251
256.63333,-179.41251
234.88333,-190.16251
223.63333,-211.66251
228.13333,-238.41251
239.88333,-257.16251
274.63333,-265.41251
297.88333,-254.41251
302.13333,-237.91251
301.13333,-219.66251
304.13333,-203.91251
318.63333,-185.41251
323.38333,-167.66251
319.88333,-145.66251
305.38333,-132.41251
299.38333,-113.66251
300.38333,-98.16251
308.63333,-84.66251
326.13333,-68.16251
328.13333,-43.91251
323.38333,-24.16250
321.63333,-5.16251
333.63333,10.08749
337.63333,33.08749
320.13333,56.08749
316.38333,83.08749
303.63333,100.08749
298.63333,117.58749
309.88333,135.83749
315.63333,162.33749
334.13333,183.83749
329.38333,204.83749
316.38333,218.58749
291.88333,212.83749
C

-color
t
77,88,69
SPL
436.75752,183.88434
430.00752,203.38434
430.75752,222.38434
446.00752,234.13434
471.75752,234.88434
482.75752,214.63434
487.00752,196.38434
499.00752,186.13434
516.25752,190.63434
525.75752,200.38434
538.75752,204.63434
552.75752,197.63434
563.25752,181.13434
570.00752,159.13434
561.75752,143.63434
535.00752,131.88434
513.50752,127.63434
499.00752,121.38434
495.75752,105.38434
500.75752,88.88434
516.75752,80.63434
535.75752,72.88434
545.00752,36.88434
551.75752,18.13434
541.75752,2.13434
527.75752,-4.36566
507.75752,-4.36566
495.75752,-16.61566
496.50752,-40.61566
504.00752,-62.11566
524.75752,-66.86566
546.75752,-72.61566
557.50752,-93.61566
539.50752,-119.11566
507.75752,-116.86566
474.50752,-101.36566
456.75752,-110.11566
450.75752,-139.61566
449.75752,-175.11566
472.00752,-193.61566
499.50752,-196.11566
512.00752,-219.36566
502.75752,-255.11566
467.75752,-269.36566
444.25752,-262.86566
431.00752,-245.11566
421.25752,-231.11566
421.50752,-212.61566
410.50752,-199.36566
400.00752,-183.86566
397.25752,-166.86566
394.25752,-143.36566
407.75752,-127.61566
414.50752,-103.11566
432.50752,-84.11566
446.00752,-72.36566
447.25752,-57.86566
435.00752,-29.36566
436.50752,-8.86566
447.50752,9.38434
453.00752,32.63434
465.00752,48.13434
463.00752,65.88434
446.50752,79.13434
434.25752,110.88434
442.00752,137.13434
453.00752,163.88434
C

-color
t
202,150,96
SPL
699.09036,243.32230
709.09036,224.57230
728.09036,218.07230
744.59036,218.32230
758.59036,210.57230
759.09036,187.82230
746.09036,179.57230
723.84036,171.32230
716.34036,155.57230
724.84036,141.07230
736.84036,127.57230
736.09036,111.57230
720.09036,96.82230
695.84036,97.82230
686.59036,105.82230
681.09036,116.57230
670.59036,126.07230
653.84036,125.57230
646.09036,119.07230
642.84036,107.57230
646.59036,92.32230
652.59036,77.82230
671.84036,68.32230
685.59036,49.82230
688.59036,26.32229
688.84036,10.07230
682.84036,-11.17770
688.09036,-31.42771
703.34036,-48.92770
727.34036,-61.42770
757.59036,-84.67770
763.34036,-113.42770
778.59036,-137.17770
776.59036,-156.42770
758.84036,-172.17770
745.34036,-175.92770
731.34036,-162.42770
722.09036,-146.92770
710.34036,-142.17770
700.59036,-149.92770
698.59036,-169.42770
697.59036,-185.67770
697.84036,-197.42770
697.59036,-213.17770
700.34036,-244.42770
680.84036,-255.67770
654.09036,-243.92770
643.09036,-230.67770
634.59036,-211.42770
640.34036,-195.67770
639.84036,-179.67770
619.84036,-164.92770
615.59036,-155.92770
614.84036,-143.92770
620.84036,-136.17770
635.84036,-130.42770
657.09036,-125.67770
679.59036,-127.17770
695.59036,-123.42770
701.34036,-112.67770
697.59036,-100.67770
688.34036,-95.17770
671.84036,-90.92770
653.59036,-82.42770
649.34036,-59.92770
636.34036,-36.92770
639.84036,-16.17771
644.59036,2.82229
632.84036,18.07229
616.34036,28.07229
614.09036,52.82230
608.34036,79.07230
609.84036,111.32230
612.09036,129.57230
617.59036,139.57230
633.84036,148.57230
649.84036,164.82230
654.34036,187.57230
649.09036,200.82230
645.59036,213.57230
649.59036,232.82230
664.09036,249.57230
681.09036,253.57230
C

-color
t
109,111,64
SPL
844.25000,210.33841
834.00000,225.58841
837.75000,242.08841
868.50000,254.58841
890.50000,242.33841
897.75000,227.58841
887.50000,207.33841
885.00000,195.08841
894.00000,182.83841
914.75000,181.33841
929.75000,183.58841
941.00000,176.83841
939.75000,157.33841
926.50000,149.83841
902.50000,147.58841
882.25000,152.58841
868.00000,144.08841
860.75000,133.33841
855.00000,121.08841
856.50000,109.08841
860.75000,94.58841
872.75000,88.08841
893.75000,87.08841
904.75000,75.58841
902.75000,62.08841
891.00000,57.08841
867.50000,53.33841
860.00000,38.08841
872.25000,22.58841
906.25000,17.08841
924.00000,8.33841
930.50000,-1.16159
934.25000,-19.41159
934.75000,-30.41159
937.75000,-63.16159
955.00000,-78.91159
959.75000,-104.16159
945.75000,-117.41159
925.50000,-124.91159
922.75000,-161.91159
938.00000,-181.41159
957.00000,-197.41159
956.00000,-215.16159
939.50000,-222.91159
922.00000,-213.41159
906.00000,-206.91159
890.50000,-215.16159
882.25000,-240.66159
867.75000,-247.16159
857.25000,-240.66159
854.75000,-227.41159
861.75000,-215.91159
867.00000,-205.16159
865.75000,-192.91159
858.25000,-183.66159
853.75000,-174.66159
853.75000,-167.66159
859.25000,-160.16159
871.00000,-154.41159
881.75000,-143.41159
886.00000,-133.91159
883.75000,-113.91159
875.75000,-100.41159
868.25000,-90.91159
852.50000,-76.41159
854.50000,-58.16159
858.25000,-47.91159
864.75000,-35.16159
860.50000,-20.41159
857.75000,-3.16159
846.25000,6.83841
826.00000,10.83841
806.25000,31.33841
811.75000,48.33841
821.50000,61.33841
822.50000,78.08841
813.50000,98.08841
807.75000,123.83841
818.00000,142.33841
832.25000,153.58841
842.25000,178.58841
850.00000,192.08841
C

-color
t
202,150,96
SPL
1114.83018,247.82074
1076.08018,257.57074
1042.08018,256.07074
1021.33018,242.07074
1021.08018,225.57074
1042.33018,206.32074
1064.58018,189.57074
1067.83018,169.57074
1057.08018,155.32074
1043.08018,146.07074
1037.08018,125.07074
1034.08018,103.07074
1047.08018,87.07074
1068.58018,75.07074
1077.33018,43.07074
1074.33018,25.57074
1054.08018,8.82074
1033.33018,1.07074
1013.08018,-34.42926
1011.58018,-62.42926
1038.08018,-78.17926
1059.58018,-83.92926
1079.08018,-120.17926
1077.08018,-135.42926
1065.08018,-153.17926
1052.83018,-166.42926
1036.08018,-193.92926
1022.83018,-214.92926
1032.58018,-235.42926
1065.33018,-265.17926
1089.58018,-263.17926
1107.83018,-245.92926
1116.08018,-217.92926
1110.08018,-200.67926
1111.33018,-180.17926
1121.83018,-165.17926
1131.33018,-146.67926
1125.83018,-124.92926
1130.08018,-109.67926
1127.83018,-84.92926
1114.08018,-69.92926
1104.33018,-53.92926
1104.08018,-33.17926
1114.83018,-6.17926
1130.58018,12.82074
1127.58018,38.07074
1118.58018,67.07074
1125.58018,89.07074
1122.08018,121.07074
1110.33018,140.82074
1122.33018,172.82074
1119.08018,204.32074
1124.08018,228.57074
C

-color
t
77,88,69
SPL
37.08333,83.63885
46.33333,87.13885
63.08333,82.63885
72.40503,66.95580
68.78003,55.20580
55.53003,49.08080
42.53003,52.33080
35.03003,64.58080
33.28003,75.70580
C

-color
t
202,150,96
SPL
61.61112,166.00000
69.61111,184.25000
84.36112,191.50000
98.86111,181.25000
100.61111,154.75000
91.86111,139.25000
65.11112,126.00000
47.36111,136.50000
48.86111,152.75000
C

-color
t
109,111,64
SPL
61.08333,123.63888
70.33333,127.13889
87.08333,122.63888
96.40503,106.95583
92.78003,95.20583
79.53003,89.08083
66.53003,92.33083
59.03003,104.58083
57.28003,115.70583
C

-color
t
77,88,69
SPL
67.86363,300.86364
66.36363,314.86364
75.36363,330.86364
99.86363,332.36364
111.11363,315.61364
110.86363,290.61364
101.11363,262.36364
73.36363,246.36364
57.11363,257.61364
57.61363,273.11364
66.61363,284.86364
C

-color
t
202,150,96
SPL
73.59091,71.65909
81.09091,82.40909
98.34091,87.15909
109.59091,77.40909
110.59091,59.65909
117.84091,35.15909
112.34091,-1.84091
76.09091,-3.09091
69.09091,14.90909
75.34091,33.90909
68.09091,52.40909
C

-color
t
109,111,64
SPL
93.18750,230.54688
81.18750,216.29688
87.93750,192.54688
115.43750,190.54688
124.18750,199.29688
125.43750,214.29688
128.18750,231.54688
140.18750,242.54688
147.43750,259.54688
140.43750,272.29688
127.43750,279.04688
114.93750,273.54688
110.68750,264.54688
110.43750,254.04688
108.43750,244.04688
102.81250,237.29688
C

-color
t
202,150,96
SPL
111.90000,141.52500
110.40000,162.27500
123.64999,176.27500
149.65000,165.77500
160.90000,142.52500
155.90000,127.02500
146.65000,106.02500
123.15000,97.02500
107.15000,106.27500
103.15000,121.52500
C

-color
t
77,88,69
SPL
114.94444,341.29630
107.94444,362.04630
122.44444,379.04630
148.94444,380.29630
183.69444,376.04630
201.19444,365.29630
201.69444,347.04630
189.44444,333.29630
182.19444,316.29630
185.69444,303.29630
195.69444,285.79630
224.44444,273.04630
227.19444,250.29630
206.94444,241.04630
179.94444,240.04630
164.19444,219.04630
150.69444,209.04630
138.94444,213.29630
135.19444,229.29630
144.44444,241.54630
154.19444,250.29630
156.44444,262.54630
144.44444,276.79630
133.44444,283.29630
124.19444,293.79630
122.69444,310.79630
122.94444,326.04630
C

-color
t
202,150,96
SPL
198.18420,301.81579
199.93420,319.06580
209.18420,331.06580
223.18420,330.31580
235.18421,319.06580
247.68421,311.31580
259.43421,315.31580
268.18420,325.56580
282.68420,332.06580
295.43420,324.81580
296.93420,309.81579
287.93420,287.31579
295.68420,266.56580
293.93420,244.81580
275.68420,236.56580
242.18421,230.81580
230.93420,246.81580
227.43420,271.56580
210.18420,284.31579
C

-color
t
109,111,64
SPL
301.08333,275.63888
310.33333,279.13889
327.08333,274.63888
336.40503,258.95583
332.78003,247.20583
319.53003,241.08083
306.53003,244.33083
299.03003,256.58083
297.28003,267.70583
C

-color
t
77,88,69
SPL
316.94643,157.53571
323.94643,167.03571
333.94643,168.28571
345.69643,160.03571
353.44643,146.78571
363.19643,130.28571
358.94643,115.03571
348.19643,106.03571
330.94643,103.78571
315.19643,98.78571
303.69643,104.03571
301.69643,120.78570
311.19643,134.28571
315.44643,141.78571
C

-color
t
109,111,64
SPL
341.55769,300.48077
303.05769,301.23077
294.80769,278.73077
296.80769,259.73077
321.05769,237.48077
345.55769,235.98077
359.05769,250.98077
361.30769,264.48077
367.05769,277.23077
381.55769,286.98077
385.80769,298.23077
377.05769,308.98077
361.55769,308.23077
C

-color
t
202,150,96
SPL
340.94643,21.53571
347.94643,31.03571
357.94643,32.28571
369.69643,24.03571
377.44643,10.78571
387.19643,-5.71429
382.94643,-20.96429
372.19643,-29.96429
354.94643,-32.21429
339.19643,-37.21429
327.69643,-31.96429
325.69643,-15.21430
335.19643,-1.71429
339.44643,5.78571
C

-color
t
77,88,69
SPL
348.82500,227.82500
357.82500,248.07500
385.32500,248.57500
399.32500,230.07500
390.82500,208.07500
391.07500,177.07500
370.07500,166.07500
345.32500,173.32500
335.82500,186.32500
339.57500,202.32500
C

-color
t
202,150,96
SPL
372.94643,141.53571
379.94643,151.03571
389.94643,152.28571
401.69643,144.03571
409.44643,130.78571
419.19643,114.28571
414.94643,99.03571
404.19643,90.03571
386.94643,87.78571
371.19643,82.78571
359.69643,88.03571
357.69643,104.78570
367.19643,118.28571
371.44643,125.78571
C

-color
t
109,111,64
SPL
373.08333,51.63895
382.33333,55.13895
399.08333,50.63895
408.40503,34.95589
404.78003,23.20589
391.53003,17.08089
378.53003,20.33089
371.03003,32.58089
369.28003,43.70589
C

-color
t
77,88,69
SPL
415.63333,338.43333
432.63333,325.93333
442.13333,309.18334
445.63333,287.93333
437.88333,275.18333
422.13333,260.18333
410.38333,252.18333
387.88333,255.43333
381.88333,267.93333
384.38333,280.68334
394.13333,289.18333
400.88333,297.93334
399.13333,311.18333
394.88333,328.43333
400.63333,337.43333
C

-color
t
202,150,96
SPL
458.91667,296.93750
461.41667,313.43750
473.16667,323.18750
499.91667,320.68750
509.16667,300.43750
496.91667,284.18750
473.66667,270.18750
461.16667,256.43750
445.16667,250.93750
435.66667,257.93750
436.41667,269.93750
451.16667,282.93750
C

-color
t
109,111,64
SPL
491.60300,273.72059
501.35300,280.22059
514.60300,286.22059
531.60300,282.97059
539.35300,271.97059
537.60300,258.22059
527.10300,242.72059
527.35300,220.72059
521.85300,207.22059
512.35300,203.97059
502.60300,208.72059
495.60300,218.22059
483.60300,225.47059
476.10300,240.97059
473.10300,250.97059
477.60300,261.47059
484.60300,268.47059
C

-color
t
202,150,96
SPL
517.08327,115.63887
526.33327,119.13887
543.08327,114.63887
552.40497,98.95581
548.77997,87.20581
535.52997,81.08081
522.52997,84.33081
515.02997,96.58081
513.27997,107.70581
C

-color
t
77,88,69
SPL
540.19318,273.81818
534.19318,286.81819
534.94318,301.31818
541.69318,311.81818
554.69318,314.81818
570.69318,306.81818
575.44318,297.31818
571.69318,284.31819
566.19318,276.31818
564.19318,269.56818
562.69318,262.06819
560.94318,247.31818
563.94318,235.31819
563.94318,224.31818
557.19318,216.31818
543.94318,214.31818
536.94318,219.56818
536.44318,229.56818
542.69318,239.31819
548.19318,246.81818
549.19318,256.56818
546.19318,265.06819
C

-color
t
202,150,96
SPL
551.54167,107.25000
551.04167,124.25000
566.54167,135.50000
583.79167,126.00000
584.54167,108.25000
579.04167,91.50000
586.04167,71.50000
579.04167,56.75000
566.54167,54.50000
556.54167,60.75000
554.04167,75.50000
557.29167,89.50000
C

-color
t
109,111,64
SPL
558.25000,10.50000
549.00000,-0.25000
542.50000,-12.25000
548.75000,-31.00000
571.50000,-34.75000
586.50000,-28.50000
591.50000,-9.50000
600.00000,5.00000
600.25000,24.25000
596.25000,43.50000
575.75000,54.75000
559.00000,57.00000
550.00000,49.50000
549.25000,37.75000
554.25000,28.50000
559.25000,20.50000
C

-color
t
202,150,96
SPL
575.65796,302.50000
566.65796,320.00000
568.40796,334.25000
581.90796,344.50000
598.40796,348.25000
618.15796,342.50000
630.65796,331.75000
634.90796,320.75000
626.65796,304.50000
614.65796,296.50000
606.15796,280.25000
603.15796,261.75000
602.90796,239.25000
592.15796,231.75000
572.65796,238.50000
565.40796,255.00000
568.65796,264.75000
578.65796,277.00000
579.40796,292.75000
C

-color
t
109,111,64
SPL
605.08327,187.63888
614.33327,191.13889
631.08327,186.63888
640.40497,170.95583
636.77997,159.20583
623.52997,153.08083
610.52997,156.33083
603.02997,168.58083
601.27997,179.70583
C

-color
t
202,150,96
SPL
621.09091,299.86364
617.59091,282.86364
617.59091,270.61364
621.84091,260.86364
634.84091,252.61365
646.84091,256.61365
651.09091,267.61365
649.34091,278.86364
650.84091,292.11364
646.34091,303.11364
630.34091,307.61364
C

-color
t
77,88,69
SPL
650.80775,301.73077
656.55775,317.48078
674.80775,320.23078
689.05775,311.73078
697.30775,303.23077
712.05775,297.48078
719.05775,287.48077
715.80775,276.23078
702.55775,269.23078
685.05775,271.48078
670.80775,270.23078
661.30775,276.48078
657.30775,288.23077
C

-color
t
202,150,96
SPL
701.08333,75.63884
710.33333,79.13884
727.08333,74.63884
736.40503,58.95578
732.78003,47.20578
719.53003,41.08078
706.53003,44.33078
699.03003,56.58078
697.28003,67.70578
C

-color
t
109,111,64
SPL
688.97223,66.45829
698.97223,85.70829
711.97223,87.95829
723.97223,82.95829
735.97223,79.95829
744.97223,82.70829
756.22223,85.95829
767.72223,82.20829
772.22223,72.95829
769.22223,60.45829
763.22223,47.20829
756.72223,36.20829
739.72223,33.95829
727.22223,36.70829
713.22223,41.20829
699.72223,41.45829
690.22223,46.95829
686.47223,55.20829
C

-color
t
77,88,69
SPL
708.41667,17.61667
720.91667,30.86667
739.16667,30.36667
747.41667,20.61667
752.16667,8.86667
764.91667,-0.63333
768.66667,-8.63333
767.41667,-21.63333
756.91667,-29.63333
737.66667,-27.38333
721.91667,-30.63333
712.66667,-30.13333
696.41667,-24.63333
684.66667,-7.13333
690.66667,9.61667
C

-color
t
202,150,96
SPL
719.65790,302.50000
710.65790,320.00000
712.40790,334.25000
725.90790,344.50000
742.40790,348.25000
762.15790,342.50000
774.65790,331.75000
778.90790,320.75000
770.65790,304.50000
758.65790,296.50000
750.15790,280.25000
747.15790,261.75000
746.90790,239.25000
736.15790,231.75000
716.65790,238.50000
709.40790,255.00000
712.65790,264.75000
722.65790,277.00000
723.40790,292.75000
C

-color
t
109,111,64
SPL
736.06250,173.12500
759.56250,173.37500
777.56250,169.12500
803.31250,156.12500
800.81250,126.37500
805.56250,97.12500
775.31250,82.87500
762.56250,95.87500
756.06250,118.37500
741.31250,124.87500
729.31250,137.12500
726.06250,151.62500
C

-color
t
202,150,96
SPL
757.08333,243.63892
766.33333,247.13892
783.08333,242.63892
792.40503,226.95586
788.78003,215.20586
775.53003,209.08086
762.53003,212.33086
755.03003,224.58086
753.28003,235.70586
C

-color
t
77,88,69
SPL
773.09091,67.86364
769.59091,50.86364
769.59091,38.61364
773.84091,28.86364
786.84091,20.61365
798.84091,24.61365
803.09091,35.61365
801.34091,46.86364
802.84091,60.11364
798.34091,71.11364
782.34091,75.61364
C

-color
t
202,150,96
SPL
766.71875,268.95313
747.21875,259.95313
748.46875,225.45313
767.46875,203.20313
794.96875,200.70313
803.71875,217.20313
801.21875,237.45313
798.46875,255.45313
806.96875,271.70313
821.21875,278.95313
828.21875,289.20313
824.21875,301.70313
808.46875,308.20313
798.46875,304.70313
793.71875,294.70313
787.71875,277.20313
C

-color
t
109,111,64
SPL
825.68479,312.91304
827.18478,325.91304
832.93478,336.16304
847.68478,340.91304
855.93478,340.16304
869.43479,336.16304
878.68478,327.91304
883.43478,317.41304
882.93478,303.41304
878.18478,293.16304
871.18479,287.16304
852.43478,282.66304
843.43479,272.66304
840.18479,261.91304
827.93478,236.66304
809.93478,235.66304
800.93478,246.66304
802.43478,259.41304
808.68478,268.16304
817.68479,273.66304
827.43478,279.91304
831.18478,288.41304
830.68478,301.16304
C

-color
t
77,88,69
SPL
885.08333,291.63888
894.33333,295.13889
911.08333,290.63888
920.40503,274.95583
916.78003,263.20583
903.53003,257.08083
890.53003,260.33083
883.03003,272.58083
881.28003,283.70583
C

-color
t
109,111,64
SPL
892.51786,131.78571
901.01786,140.03571
914.01786,145.03571
926.01786,144.28571
937.51786,135.53571
937.51786,121.28571
928.51786,110.28571
921.01786,96.53571
910.26786,86.28571
897.76786,87.78571
880.51786,93.28571
872.26786,107.28571
875.51786,117.53571
883.76786,126.03571
C

-color
t
202,150,96
SPL
895.72058,305.54412
882.47059,297.04412
878.72059,280.29412
882.47059,263.29412
890.47059,247.79412
919.97059,233.54412
950.47059,228.79412
968.47059,247.04412
964.97059,265.79412
953.97059,279.29412
946.72059,289.29412
942.72059,306.04412
939.97058,320.04412
930.72059,329.79412
914.97058,332.54412
906.47059,324.79412
902.47059,314.04412
C

-color
t
77,88,69
SPL
914.91667,64.93750
917.41667,81.43750
929.16667,91.18750
955.91667,88.68750
965.16667,68.43750
952.91667,52.18750
929.66667,38.18750
917.16667,24.43750
901.16667,18.93750
891.66667,25.93750
892.41667,37.93750
907.16667,50.93750
C

-color
t
202,150,96
SPL
948.19318,169.81818
942.19318,182.81819
942.94318,197.31818
949.69318,207.81818
962.69318,210.81818
978.69318,202.81818
983.44318,193.31818
979.69318,180.31819
974.19318,172.31818
972.19318,165.56818
970.69318,158.06819
968.94318,143.31818
971.94318,131.31819
971.94318,120.31818
965.19318,112.31818
951.94318,110.31818
944.94318,115.56818
944.44318,125.56818
950.69318,135.31819
956.19318,142.81818
957.19318,152.56818
954.19318,161.06819
C

-color
t
109,111,64
SPL
947.86363,20.86364
946.36363,34.86364
955.36363,50.86364
979.86363,52.36364
991.11363,35.61364
990.86363,10.61364
981.11363,-17.63636
953.36363,-33.63636
937.11363,-22.38636
937.61363,-6.88636
946.61363,4.86364
C

-color
t
77,88,69
SPL
961.05357,280.91071
952.55357,305.41071
964.05357,321.66071
980.80357,330.91071
993.55357,329.91071
1003.05357,322.41071
1004.55357,309.16071
1001.80357,299.41071
1002.55357,288.41071
1009.55357,275.91071
1010.55357,261.16071
1002.05357,252.91071
984.05357,255.91071
965.80357,265.16071
C

-color
t
202,150,96
SPL
973.08333,235.63888
982.33333,239.13889
999.08333,234.63888
1008.40503,218.95583
1004.78003,207.20583
991.53003,201.08083
978.53003,204.33083
971.03003,216.58083
969.28003,227.70583
C

-color
t
109,111,64
SPL
973.08333,155.63888
982.33333,159.13889
999.08333,154.63888
1008.40503,138.95583
1004.78003,127.20583
991.53003,121.08083
978.53003,124.33083
971.03003,136.58083
969.28003,147.70583
C

-color
t
202,150,96
SPL
960.88637,102.84091
971.63637,116.34091
988.63637,115.59091
995.13637,103.84091
997.88637,87.09091
1008.13637,78.59091
1026.13637,75.34091
1037.13637,60.34091
1029.63637,44.84091
995.88637,50.84091
965.13637,74.84091
C

-color
t
77,88,69
SPL
1013.08333,179.63888
1022.33333,183.13889
1039.08333,178.63888
1048.40503,162.95583
1044.78003,151.20583
1031.53003,145.08083
1018.53003,148.33083
1011.03003,160.58083
1009.28003,171.70583
C

-color
t
202,150,96
SPL
1016.31250,289.82813
1011.06250,306.32813
1011.56250,321.57813
1022.56250,328.57813
1038.06250,327.32813
1046.31250,318.82813
1050.31250,307.32813
1061.06250,299.07813
1074.06250,297.82813
1086.81250,290.82813
1088.81250,277.32813
1076.56250,265.32813
1050.31250,265.82813
1031.81250,260.07813
1019.06250,265.07813
1014.31250,277.32813
C

-color
t
109,111,64
SPL
1093.08333,299.63888
1102.33333,303.13889
1119.08333,298.63888
1128.40503,282.95583
1124.78003,271.20583
1111.53003,265.08083
1098.53003,268.33083
1091.03003,280.58083
1089.28003,291.70583
C

