REC
0,0
D
300.00000
300.00000
300.00000,300.00000
-color
t
202,150,96
SPL
-21.67314,301.96153
-30.42314,315.96153
-27.67314,332.71153
-20.67314,353.21153
7.82686,356.46153
33.32686,354.71153
37.82686,331.46153
22.82686,312.46153
25.82686,286.71153
17.57686,264.71153
4.07686,255.46153
-12.17314,264.21153
-15.42314,284.96153
C

-color
t
109,111,64
SPL
37.76667,266.91667
30.76667,288.16667
26.51667,305.16667
32.76667,319.16667
43.26667,327.16667
55.26667,334.66667
63.76667,349.16667
71.26667,364.16667
87.51667,370.66667
108.51667,351.16667
84.76667,312.16667
82.51667,297.91667
82.01667,283.41667
74.51667,267.41667
58.76667,261.91667
C

-color
t
202,150,96
SPL
141.16666,294.81250
125.16667,269.06250
104.16666,271.81250
93.16666,282.06250
92.16666,298.31250
99.66666,313.06250
115.16667,321.81250
124.16667,345.31250
137.16666,352.81250
149.16666,346.31250
150.66666,330.56250
140.16666,314.06250
C

-color
t
77,88,69
SPL
160.36539,305.13461
152.36539,316.13461
153.36539,333.38461
165.11539,342.38461
179.36539,355.88461
204.11539,353.63461
209.61539,333.63461
198.86539,317.38461
198.86539,299.13461
195.61539,280.13461
183.86539,270.13461
170.11539,273.88461
164.11539,287.88461
C

-color
t
202,150,96
SPL
227.48438,270.64063
247.23438,260.39063
263.73438,269.14063
266.98438,284.14063
265.98438,307.14063
276.73438,320.39063
289.48438,354.39063
276.73438,364.14063
258.23438,356.64063
252.73438,343.14063
243.23438,328.39063
221.48438,325.64063
211.48438,321.14063
205.23438,306.39063
201.48438,291.89063
209.23438,275.89063
C

-color
t
202,150,96
SPL
252.98684,17.22368
242.23684,34.97369
217.73684,36.22369
196.23684,20.47368
189.48685,4.97369
190.73684,-26.77632
204.23684,-35.27632
221.48684,-38.27632
238.73684,-34.02632
249.98684,-31.77632
261.98684,-27.27632
274.73685,-28.77632
286.23685,-34.52632
301.48685,-33.27632
309.73685,-20.77631
303.48684,-4.52632
288.98684,0.22369
276.23684,4.47369
264.73684,8.22368
C

-color
t
77,88,69
SPL
89.25006,28.35416
109.75006,27.85416
119.25006,15.10416
127.00006,-12.89583
122.75006,-49.64584
107.75006,-59.39584
80.00006,-55.39584
74.50006,-33.39584
71.75006,-12.64583
58.50006,-0.39583
53.75006,13.10416
66.75006,27.85416
C

-color
t
202,150,96
SPL
13.31256,-0.35938
36.56256,0.39063
55.56256,-4.35938
62.31256,-19.35938
60.31256,-37.10938
48.06256,-46.10938
30.56256,-49.10938
14.56256,-41.85938
-5.68744,-34.85938
-15.68744,-18.35938
-23.43744,-11.10938
-41.18744,-1.85938
-46.43744,17.64063
-31.93744,41.89063
-11.43744,38.64063
1.06256,18.14063
C

-color
t
202,150,96
SPL
30.68750,240.64583
44.18750,254.14583
62.68750,255.14583
75.93750,246.64583
85.18750,233.39583
80.43750,216.14583
58.93750,205.89583
13.43750,201.39583
-14.31250,211.89583
-13.81250,231.39583
-1.06250,239.64583
15.43750,237.39583
C

-color
t
77,88,69
SPL
-3.64999,171.36003
-3.64999,186.11003
1.60001,195.86003
9.85000,199.11003
19.85000,197.11003
28.35001,189.61003
34.85001,177.86003
43.60000,168.86003
55.35001,168.36003
65.10000,176.36003
73.10001,188.61003
85.10001,193.36003
95.10001,189.11003
100.60001,179.61003
99.85001,169.86003
96.60001,156.61003
84.35001,143.86003
64.85000,143.11003
48.35001,141.36003
34.35001,146.86003
20.85000,143.11003
9.35000,139.36003
-1.39999,142.36003
-6.64999,152.36003
-5.64999,163.11003
C

-color
t
77,88,69
SPL
-0.02777,118.45833
9.97223,137.70834
22.97223,139.95834
34.97223,134.95834
46.97223,131.95834
55.97223,134.70834
67.22223,137.95834
78.72223,134.20834
83.22223,124.95833
80.22223,112.45834
74.22223,99.20833
67.72223,88.20834
50.72223,85.95834
38.22223,88.70834
24.22223,93.20834
10.72223,93.45834
1.22223,98.95833
-2.52777,107.20833
C

-color
t
202,150,96
SPL
-7.44444,69.83333
-1.44444,84.33334
14.05556,92.08334
29.05556,88.33334
37.80556,73.58333
53.05556,60.08333
69.30556,63.83333
86.55556,67.08333
95.05556,60.33333
95.05556,42.83333
81.30556,33.33334
61.55556,33.33334
50.55556,45.58333
38.80556,54.33333
25.30556,50.08333
13.55556,40.33334
-1.44444,40.83334
-11.44444,52.83333
C

-color
t
202,150,96
SPL
81.80769,249.73077
87.55769,265.48078
105.80769,268.23078
120.05769,259.73078
128.30769,251.23077
143.05769,245.48078
150.05769,235.48077
146.80769,224.23078
133.55769,217.23078
116.05769,219.48078
101.80769,218.23078
92.30769,224.48078
88.30769,236.23077
C

-color
t
109,111,64
SPL
89.96875,118.90625
82.46875,105.40625
79.21875,95.40625
80.46875,85.40625
85.71875,76.15625
96.21875,70.40625
104.49335,70.92312
110.15021,76.75675
113.86252,86.12592
117.57483,94.61120
126.23689,99.91450
135.95961,100.71000
147.89203,103.27326
153.81405,109.63722
153.10695,119.27155
146.38943,128.64071
138.25771,143.48996
136.21875,153.90625
127.96875,163.40625
114.96875,164.65625
106.46875,159.90625
103.71875,150.65625
105.21875,138.15625
102.21875,129.15625
C

-color
t
109,111,64
SPL
123.82500,79.82500
132.82500,100.07500
160.32500,100.57500
174.32500,82.07500
165.82500,60.07500
166.07500,29.07500
145.07500,18.07500
120.32500,25.32500
110.82500,38.32500
114.57500,54.32500
C

-color
t
77,88,69
SPL
144.60007,208.23334
159.35007,216.98334
173.85007,215.98334
182.60007,204.23334
181.85007,191.23334
182.60007,182.73334
188.10007,166.98334
182.10007,151.23334
163.35007,148.48334
148.60007,160.98334
134.60007,165.23334
117.35007,171.73334
110.85007,190.23334
112.85007,202.23334
128.85007,210.48334
C

-color
t
77,88,69
SPL
132.16661,5.72917
156.91661,12.22917
169.16661,1.22917
175.91661,-16.52083
189.91661,-24.77083
199.41661,-40.27083
182.91661,-68.52083
154.16661,-68.52083
145.91661,-52.27083
146.66661,-38.77083
136.91661,-23.02083
128.66661,-9.52083
C

-color
t
202,150,96
SPL
164.08333,143.63885
173.33333,147.13885
190.08333,142.63885
199.40503,126.95580
195.78003,115.20580
182.53003,109.08080
169.53003,112.33080
162.03003,124.58080
160.28003,135.70580
C

-color
t
202,150,96
SPL
164.79167,258.16667
177.54167,259.41667
193.79167,259.91667
204.79167,249.66667
215.79167,238.16667
221.79167,218.41667
212.79167,202.91667
192.54167,204.91667
180.54167,215.41667
163.79167,220.66667
156.29167,230.91667
153.29167,246.66667
C

-color
t
109,111,64
SPL
179.59745,74.39088
172.26122,64.04944
167.78947,43.50000
181.01167,25.24695
197.62868,27.36827
203.81587,37.35616
204.78814,51.14474
213.36181,61.75134
228.56461,66.34754
237.04989,77.39608
234.28947,88.75000
225.28947,95.00000
215.53948,100.25000
208.03947,109.00000
195.78947,112.75000
184.81237,107.35973
181.36522,99.31639
181.45361,92.86404
182.24911,85.43942
C

-color
t
109,111,64
SPL
201.48438,162.84378
195.48438,184.09378
199.23438,198.84378
220.98438,208.84378
237.98438,206.59378
247.48438,201.84378
255.48438,191.84378
258.23438,176.09378
251.48438,167.34378
239.73438,159.34378
233.48438,149.09378
229.48438,138.09378
220.23438,130.34378
208.23438,131.09378
200.48438,139.84378
199.73438,150.34378
C

-color
t
202,150,96
SPL
228.09091,255.86364
224.59091,238.86364
224.59091,226.61364
228.84091,216.86364
241.84091,208.61365
253.84091,212.61365
258.09091,223.61365
256.34091,234.86364
257.84091,248.11364
253.34091,259.11364
237.34091,263.61364
C

-color
t
202,150,96
SPL
244.61112,145.99997
252.61111,164.24997
267.36112,171.49997
281.86111,161.24997
283.61111,134.74997
274.86111,119.24997
248.11112,105.99997
230.36111,116.49997
231.86111,132.74997
C

-color
t
77,88,69
SPL
244.08333,87.63888
253.33333,91.13889
270.08333,86.63888
279.40503,70.95583
275.78003,59.20583
262.53003,53.08083
249.53003,56.33083
242.03003,68.58083
240.28003,79.70583
C

-color
t
77,88,69
SPL
239.75000,82.32813
247.75000,102.82813
264.00000,107.07813
279.00000,97.82813
292.25000,91.82813
306.25000,96.57813
318.50000,98.32813
331.50000,89.57813
333.00000,73.32813
318.50000,61.82813
300.50000,49.07813
290.25000,33.32813
272.00000,30.57813
250.75000,37.82813
231.75000,55.32813
231.50000,67.82813
C

-color
t
202,150,96
SPL
270.54167,271.25000
270.04167,288.25000
285.54167,299.50000
302.79167,290.00000
303.54167,272.25000
298.04167,255.50000
305.04167,235.50000
298.04167,220.75000
285.54167,218.50000
275.54167,224.75000
273.04167,239.50000
276.29167,253.50000
C

-color
t
202,150,96
SPL
255.88637,202.84091
266.63637,216.34091
283.63637,215.59091
290.13637,203.84091
292.88637,187.09091
303.13637,178.59091
321.13637,175.34091
332.13637,160.34091
324.63637,144.84091
290.88637,150.84091
260.13637,174.84091
C

