REC
300,0
1500,300
-color
t
202,150,96
SPL
282.77632,252.98684
265.02631,242.23684
263.77631,217.73684
279.52632,196.23684
295.02631,189.48685
326.77632,190.73684
335.27632,204.23684
338.27632,221.48684
334.02632,238.73684
331.77632,249.98684
327.27632,261.98684
328.77632,274.73685
334.52632,286.23685
333.27632,301.48685
320.77631,309.73685
304.52632,303.48684
299.77631,288.98684
295.52631,276.23684
291.77632,264.73684
C

-color
t
202,150,96
SPL
252.98684,317.22368
242.23684,334.97369
217.73684,336.22369
196.23684,320.47368
189.48685,304.97369
190.73684,273.22368
204.23684,264.72368
221.48684,261.72368
238.73684,265.97368
249.98684,268.22368
261.98684,272.72368
274.73685,271.22368
286.23685,265.47368
301.48685,266.72368
309.73685,279.22369
303.48684,295.47368
288.98684,300.22369
276.23684,304.47369
264.73684,308.22368
C

-color
t
77,88,69
SPL
271.64584,89.24994
272.14584,109.74994
284.89584,119.24994
312.89583,126.99994
349.64584,122.74994
359.39584,107.74994
355.39584,79.99994
333.39584,74.49994
312.64583,71.74994
300.39583,58.49994
286.89584,53.74994
272.14584,66.74994
C

-color
t
202,150,96
SPL
300.35938,13.31256
299.60938,36.56256
304.35938,55.56256
319.35938,62.31256
337.10938,60.31256
346.10938,48.06256
349.10938,30.56256
341.85938,14.56256
334.85938,-5.68744
318.35938,-15.68744
311.10938,-23.43744
301.85938,-41.18744
282.35938,-46.43744
258.10938,-31.93744
261.35938,-11.43744
281.85938,1.06256
C

-color
t
109,111,64
SPL
1459.68421,295.19736
1445.43421,285.19736
1440.93421,270.44736
1443.18421,250.19737
1445.43421,236.69736
1451.93421,227.19736
1459.18421,221.94736
1470.68421,219.69736
1490.68421,226.44736
1506.68421,232.44736
1518.18421,239.19736
1536.18421,236.19736
1550.18421,237.69736
1556.93421,248.19737
1551.93421,261.69736
1529.43421,266.19736
1504.68421,258.44736
1487.68421,263.44736
1476.68421,286.44736
C

-color
t
77,88,69
SPL
1441.55556,181.83340
1447.55556,196.33340
1463.05556,204.08340
1478.05556,200.33340
1486.80556,185.58340
1502.05556,172.08340
1518.30556,175.83340
1535.55556,179.08340
1544.05556,172.33340
1544.05556,154.83340
1530.30556,145.33340
1510.55556,145.33340
1499.55556,157.58340
1487.80556,166.33340
1474.30556,162.08340
1462.55556,152.33340
1447.55556,152.83340
1437.55556,164.83340
C

-color
t
202,150,96
SPL
1458.68056,90.44438
1450.68056,116.94438
1461.93056,134.94438
1476.93056,137.19438
1490.43056,133.69438
1496.93056,118.69438
1495.18056,101.19438
1501.93056,88.44438
1515.93056,87.19438
1529.68056,93.19438
1545.68056,90.44438
1552.93056,74.44438
1543.43056,59.44438
1504.93056,55.94438
1484.68056,41.69438
1462.68056,45.44438
1453.68056,63.44438
1457.43056,78.44438
C

-color
t
109,111,64
SPL
1476.08749,23.48756
1461.58750,28.73756
1447.58749,22.48756
1440.08749,8.23756
1439.83749,-10.76244
1450.58749,-24.51244
1467.08750,-27.76244
1477.08749,-25.26244
1486.83750,-14.76244
1490.83750,-5.51244
1496.08749,4.73756
1506.33750,9.73756
1523.08749,10.23756
1536.58749,11.73756
1544.33749,21.23756
1542.08749,33.98756
1531.08749,39.48756
1518.08750,36.98756
1508.08750,29.48756
1495.33749,21.23756
C

-color
t
77,88,69
SPL
633.67924,335.53767
638.17924,359.03767
652.42924,371.28767
671.42924,374.53767
690.17924,373.78767
699.17924,359.78767
699.67924,347.78767
693.92924,327.78767
687.42924,312.28767
677.67924,302.28767
662.67924,295.03767
645.67924,292.28767
632.67924,284.78767
628.42924,271.53767
627.92924,257.78767
633.17924,246.53767
650.17924,236.78767
690.67924,224.53767
705.92924,216.03767
725.92924,208.03767
740.67924,193.03767
748.92924,175.78767
751.17924,160.28767
746.92924,146.03767
733.67924,136.03767
728.42924,119.78767
734.42924,102.28767
746.67924,89.03767
749.17924,76.28767
738.67924,60.53767
723.17924,51.03767
716.92924,38.28767
700.17924,19.78767
678.42924,26.03767
672.42924,35.78767
676.67924,51.03767
689.42924,60.78767
704.17924,76.03767
701.92924,92.78767
698.67924,106.03767
687.67924,126.78767
680.17924,145.78767
681.17924,164.28767
682.17924,177.78767
675.67924,187.78767
655.67924,197.78767
632.67924,196.28767
609.92924,211.03767
600.67924,230.78767
600.42924,252.28767
596.42924,274.28767
602.42924,297.78767
617.92924,320.03767
C

-color
t
202,150,96
SPL
835.20313,321.99994
840.70313,339.74994
853.45313,348.99994
886.95313,353.74994
909.70313,344.49994
923.95313,335.99994
933.20313,319.99994
931.45313,301.24994
911.70313,288.74994
886.95313,277.24994
873.95313,260.49994
872.20313,241.74994
885.70313,221.99994
910.45313,212.49994
931.95313,216.99994
954.70313,213.49994
968.70313,181.99994
956.20313,170.24994
919.95313,182.99994
900.20313,188.24994
886.95313,180.74994
880.45313,167.49994
879.70313,152.49994
902.45313,125.74994
936.95313,123.24994
946.70313,104.74994
925.45313,85.74994
892.70313,94.99994
871.95313,75.49994
851.95313,62.99994
823.20313,60.74994
813.20313,72.24994
812.95313,88.74994
833.45313,98.99994
853.95313,101.24994
863.20313,113.49994
858.45313,127.74994
847.95313,137.49994
842.70313,152.74994
847.70313,167.49994
857.95313,186.99994
854.95313,203.49994
842.95313,223.74994
833.70313,235.24994
832.45313,251.74994
845.20313,268.24994
856.95313,287.49994
846.20313,304.99994
C

-color
t
109,111,64
SPL
1032.54546,311.07381
1036.04546,324.82381
1039.04546,334.07381
1049.29546,341.32381
1062.54546,342.07381
1078.79545,338.57381
1089.54545,326.82381
1095.29545,314.82381
1094.54545,301.32381
1083.54545,289.57381
1072.54545,277.07381
1073.04545,259.07381
1081.29545,244.57381
1100.04546,241.32381
1113.04546,240.32381
1127.79546,233.82381
1136.04546,212.82381
1145.29546,193.32381
1142.04546,181.32381
1127.04546,165.82381
1104.54546,155.82381
1094.79545,138.82381
1099.54546,124.32381
1114.29546,104.07381
1121.29546,83.07381
1142.29546,71.32381
1146.04546,50.07381
1130.04546,32.82381
1090.29545,22.32381
1063.54546,41.07381
1059.04546,58.07381
1059.04546,79.82381
1060.29546,98.57381
1054.79546,119.82381
1045.54546,131.32381
1044.54546,149.32381
1058.04546,174.32381
1050.54546,195.07381
1029.54546,202.57381
1017.79546,217.07381
1015.54546,240.32381
1022.54546,258.32381
1037.79546,269.82381
1043.29546,285.82381
C

-color
t
77,88,69
SPL
1307.97549,296.21562
1316.97549,304.21562
1328.97549,316.71562
1348.47549,317.46562
1370.97549,287.21562
1365.72549,260.46562
1353.72549,250.71562
1327.97549,244.71562
1303.97549,234.71562
1289.47550,215.71562
1284.22549,199.46562
1285.22549,182.71562
1292.72550,165.96562
1310.97549,153.46562
1336.97549,146.96562
1356.72549,135.21562
1364.97549,107.71562
1356.72549,94.46562
1339.22549,76.96562
1318.22549,74.96562
1291.72550,83.96562
1271.97550,69.96562
1264.97550,53.21562
1261.97549,31.46562
1244.47549,14.46562
1223.22549,17.21562
1215.97549,31.46562
1213.22549,48.46562
1222.47549,78.71562
1242.97549,98.21562
1257.22549,110.21562
1252.47549,132.46562
1242.22549,150.21562
1226.72549,168.46562
1219.72549,194.21562
1226.22549,212.21562
1243.22549,223.96562
1254.97549,243.71562
1254.72549,261.71562
1246.97549,282.96562
1237.22549,306.71562
1227.47549,321.71562
1226.47549,342.71562
1235.47549,359.96562
1254.22549,364.96562
1268.47550,356.71562
1274.47549,342.46562
1277.47550,335.21562
1277.72550,323.96562
1282.22550,307.71562
1290.22550,297.21562
C

-color
t
202,150,96
SPL
429.25996,211.47000
398.25996,197.47000
401.50996,165.22000
437.25996,120.97000
433.00996,89.47000
399.00996,43.47000
422.25996,16.22000
428.75996,-33.28000
422.25996,-58.28000
417.00996,-91.28000
517.75996,-99.28000
549.00996,-43.03000
521.25996,-15.28000
496.25996,19.72000
540.25996,59.47000
553.50996,91.22000
527.50996,123.22000
461.75996,172.72000
488.00996,202.22000
549.00996,189.97000
557.25996,226.97000
522.00996,246.47000
482.75996,251.97000
457.00996,247.97000
446.75996,226.47000
C

-color
t
202,150,96
SPL
414.03125,285.95313
410.78125,315.20313
423.78125,329.95313
434.78125,345.70313
429.53125,361.95313
408.28125,367.45313
386.53125,359.70313
378.53125,336.95313
379.28125,316.45313
378.03125,290.45313
365.03125,281.95313
351.78125,270.45313
350.28125,254.95313
363.03125,245.70313
383.03125,254.70313
392.78125,269.95313
C

-color
t
77,88,69
SPL
423.53849,311.63461
429.28849,329.63461
442.78848,342.13461
469.03849,340.88461
489.03849,330.13461
493.53849,318.63461
492.28849,307.88461
477.78848,295.88461
465.78848,288.88461
457.28849,276.88461
443.53848,266.88461
423.28848,275.13461
421.28849,296.38461
C

-color
t
77,88,69
SPL
497.28125,322.93750
501.03125,340.18750
529.28125,350.18750
544.03125,339.93750
557.53125,333.68750
570.53125,327.68750
575.28125,314.68750
569.53125,304.93750
559.28125,298.43750
550.53125,289.93750
544.03125,280.18750
534.28125,275.18750
517.53125,278.93750
499.78125,284.43750
492.53125,301.68750
495.53125,312.68750
C

-color
t
202,150,96
SPL
690.61112,306.00000
698.61111,324.25000
713.36112,331.50000
727.86111,321.25000
729.61111,294.75000
720.86111,279.25000
694.11112,266.00000
676.36111,276.50000
677.86111,292.75000
C

-color
t
202,150,96
SPL
735.80763,305.73077
741.55763,321.48078
759.80763,324.23078
774.05763,315.73078
782.30763,307.23077
797.05763,301.48078
804.05763,291.48077
800.80763,280.23078
787.55763,273.23078
770.05763,275.48078
755.80763,274.23078
746.30763,280.48078
742.30763,292.23077
C

-color
t
77,88,69
SPL
937.61765,299.55882
941.36765,311.80882
943.36765,331.30882
956.36765,341.05882
975.36765,338.80882
988.61765,324.05882
1009.86765,318.80882
1028.11765,308.05882
1026.86765,292.55882
1011.61765,284.80882
976.61765,284.30882
963.86765,260.80882
945.11765,253.30882
925.11765,254.80882
913.61765,273.05882
917.61765,284.55882
927.86765,291.55882
C

-color
t
109,111,64
SPL
1099.32353,307.38235
1091.82353,328.38235
1097.07353,340.38235
1109.82353,344.38235
1128.32353,344.13235
1142.32353,338.88235
1145.57353,325.63235
1138.82353,314.63235
1128.82353,306.38236
1124.32353,287.63235
1117.57353,272.13235
1106.82353,260.88235
1086.07353,256.63235
1077.32353,266.63235
1079.57353,277.13235
1088.57353,286.88235
1098.57353,296.88235
C

-color
t
202,150,96
SPL
1145.59745,298.39088
1138.26122,288.04944
1133.78947,267.50000
1147.01167,249.24695
1163.62868,251.36827
1169.81587,261.35616
1170.78814,275.14474
1179.36181,285.75134
1194.56461,290.34754
1203.04989,301.39608
1200.28947,312.75000
1191.28947,319.00000
1181.53948,324.25000
1174.03947,333.00000
1161.78947,336.75000
1150.81237,331.35973
1147.36522,323.31639
1147.45361,316.86404
1148.24911,309.43942
C

-color
t
109,111,64
SPL
1392.72223,336.66662
1427.22222,340.66667
1440.47222,324.16667
1434.22222,300.66667
1418.22223,287.66662
1406.97223,267.66663
1387.97223,265.16663
1376.72222,297.66667
1379.97222,323.41667
C

-color
t
77,88,69
SPL
278.02777,195.56938
262.77777,193.81938
255.02777,181.81938
256.77777,166.31938
272.77777,146.06938
291.27777,136.56938
313.77777,134.56938
332.02777,137.56938
351.77777,147.06938
363.02777,159.06938
363.02777,171.56938
355.52777,178.31938
344.52777,177.56938
334.02777,171.56938
323.77777,167.56938
306.77777,168.06938
295.77777,177.81938
289.27777,187.31938
C

-color
t
202,150,96
SPL
345.08333,219.63888
354.33333,223.13889
371.08333,218.63888
380.40503,202.95583
376.78003,191.20583
363.53003,185.08083
350.53003,188.33083
343.03003,200.58083
341.28003,211.70583
C

-color
t
109,111,64
SPL
352.42105,11.81573
353.92105,28.31573
362.67105,36.31573
376.67105,36.81573
384.92105,29.06573
391.17105,17.81573
400.92105,11.56573
408.67105,3.56573
408.92105,-8.18427
401.42105,-15.18427
378.92105,-17.93427
371.17105,-28.18427
361.17105,-39.68427
340.92105,-47.93427
326.17105,-42.18427
323.67105,-28.43427
332.17105,-17.93427
342.67105,-9.18427
350.92105,1.81573
C

-color
t
77,88,69
SPL
359.17857,89.23220
346.42857,71.23220
354.92857,49.73220
375.92857,39.23220
387.67857,39.48220
398.92857,46.98220
402.92857,59.23220
402.92857,69.98220
411.17857,88.23220
411.42857,108.48220
404.92857,123.73220
385.17857,126.98220
374.42857,118.73220
369.67857,106.98220
C

-color
t
202,150,96
SPL
497.08333,179.63882
506.33333,183.13882
523.08333,178.63882
532.40503,162.95577
528.78003,151.20577
515.53003,145.08077
502.53003,148.33077
495.03003,160.58077
493.28003,171.70577
C

-color
t
109,111,64
SPL
543.77632,7.85526
545.02632,21.85526
552.02632,32.35526
565.52632,37.10526
576.27632,43.85526
578.77632,54.35526
571.52632,64.85526
561.02632,66.35526
551.27632,63.10526
543.77632,59.60526
533.52632,51.10526
525.02632,42.60526
518.77632,31.85526
515.27632,23.35526
512.27632,9.60526
512.27632,-0.14474
517.77632,-7.64474
526.27632,-9.89474
536.27632,-5.64474
C

-color
t
202,150,96
SPL
551.72223,188.66662
586.22222,192.66667
599.47222,176.16667
593.22222,152.66667
577.22223,139.66662
565.97223,119.66663
546.97223,117.16663
535.72222,149.66667
538.97222,175.41667
C

-color
t
77,88,69
SPL
557.05357,-7.08935
548.55357,17.41065
560.05357,33.66065
576.80357,42.91065
589.55357,41.91065
599.05357,34.41065
600.55357,21.16065
597.80357,11.41065
598.55357,0.41065
605.55357,-12.08935
606.55357,-26.83935
598.05357,-35.08935
580.05357,-32.08935
561.80357,-22.83935
C

-color
t
202,150,96
SPL
583.86363,108.86364
582.36363,122.86364
591.36363,138.86364
615.86363,140.36364
627.11363,123.61364
626.86363,98.61364
617.11363,70.36364
589.36363,54.36364
573.11363,65.61364
573.61363,81.11364
582.61363,92.86364
C

-color
t
109,111,64
SPL
605.05357,16.91071
596.55357,41.41071
608.05357,57.66071
624.80357,66.91071
637.55357,65.91071
647.05357,58.41071
648.55357,45.16071
645.80357,35.41071
646.55357,24.41071
653.55357,11.91071
654.55357,-2.83929
646.05357,-11.08929
628.05357,-8.08929
609.80357,1.16071
C

-color
t
77,88,69
SPL
617.79167,182.16667
630.54167,183.41667
646.79167,183.91667
657.79167,173.66667
668.79167,162.16667
674.79167,142.41667
665.79167,126.91667
645.54167,128.91667
633.54167,139.41667
616.79167,144.66667
609.29167,154.91667
606.29167,170.66667
C

-color
t
202,150,96
SPL
654.81250,241.83334
629.06250,257.83333
631.81250,278.83334
642.06250,289.83334
658.31250,290.83334
673.06250,283.33334
681.81250,267.83333
705.31250,258.83333
712.81250,245.83334
706.31250,233.83334
690.56250,232.33334
674.06250,242.83334
C

-color
t
109,111,64
SPL
707.68750,4.64577
721.18750,18.14577
739.68750,19.14577
752.93750,10.64577
762.18750,-2.60423
757.43750,-19.85423
735.93750,-30.10423
690.43750,-34.60423
662.68750,-24.10423
663.18750,-4.60423
675.93750,3.64577
692.43750,1.39577
C

-color
t
202,150,96
SPL
710.80763,253.73077
716.55763,269.48078
734.80763,272.23078
749.05763,263.73078
757.30763,255.23077
772.05763,249.48078
779.05763,239.48077
775.80763,228.23078
762.55763,221.23078
745.05763,223.48078
730.80763,222.23078
721.30763,228.48078
717.30763,240.23077
C

-color
t
77,88,69
SPL
747.13637,94.50000
755.88637,79.50000
777.13637,72.25000
790.63637,85.75000
793.38637,100.75000
789.38637,119.25000
783.88637,141.50000
761.63637,147.75000
747.38637,133.50000
736.38637,121.50000
737.88637,105.50000
C

-color
t
202,150,96
SPL
753.08333,51.63888
762.33333,55.13889
779.08333,50.63888
788.40503,34.95583
784.78003,23.20583
771.53003,17.08083
758.53003,20.33083
751.03003,32.58083
749.28003,43.70583
C

-color
t
109,111,64
SPL
761.08333,179.63882
770.33333,183.13882
787.08333,178.63882
796.40503,162.95577
792.78003,151.20577
779.53003,145.08077
766.53003,148.33077
759.03003,160.58077
757.28003,171.70577
C

-color
t
77,88,69
SPL
754.60000,70.46667
742.85000,61.96667
740.10000,48.21667
743.10000,34.21667
756.85000,12.96667
781.85000,0.46667
802.85000,0.21667
814.60000,9.71667
815.85000,26.71667
816.60000,37.46667
813.10000,47.46667
802.35000,52.96667
788.85001,52.46667
777.60001,57.46667
768.35000,66.71667
C

-color
t
202,150,96
SPL
780.93420,227.43421
785.93421,245.43421
798.93420,253.43421
809.43421,252.93421
818.68420,245.68421
820.18420,236.43421
815.93420,226.18421
810.43421,219.18421
808.43421,208.43421
811.18421,201.18421
814.80920,193.55921
814.30920,182.68421
807.93421,175.55921
795.93421,175.18421
784.18421,183.68421
773.43420,190.43421
768.43420,200.93421
771.18420,210.18421
776.93420,218.93421
C

-color
t
109,111,64
SPL
809.09097,299.86364
805.59097,282.86364
805.59097,270.61364
809.84097,260.86364
822.84097,252.61365
834.84097,256.61365
839.09097,267.61365
837.34097,278.86364
838.84097,292.11364
834.34097,303.11364
818.34097,307.61364
C

-color
t
202,150,96
SPL
824.51780,11.78565
833.01780,20.03565
846.01780,25.03565
858.01780,24.28565
869.51780,15.53565
869.51780,1.28565
860.51780,-9.71435
853.01780,-23.46435
842.26780,-33.71435
829.76780,-32.21435
812.51780,-26.71435
804.26780,-12.71435
807.51780,-2.46435
815.76780,6.03565
C

-color
t
77,88,69
SPL
873.08339,59.63888
882.33339,63.13889
899.08339,58.63888
908.40509,42.95583
904.78009,31.20583
891.53009,25.08083
878.53009,28.33083
871.03009,40.58083
869.28009,51.70583
C

-color
t
202,150,96
SPL
897.08327,179.63882
906.33327,183.13882
923.08327,178.63882
932.40497,162.95577
928.77997,151.20577
915.52997,145.08077
902.52997,148.33077
895.02997,160.58077
893.27997,171.70577
C

-color
t
109,111,64
SPL
870.89279,65.07143
885.89279,83.32143
904.64279,85.82143
914.14279,77.32143
920.39279,64.82143
932.64279,58.57143
949.39279,53.57143
954.64279,44.32143
950.64279,33.07143
938.14279,22.57143
911.14279,24.32143
890.89279,20.07143
871.14279,28.07143
859.64279,49.32143
C

-color
t
202,150,96
SPL
939.86771,124.07353
930.36771,136.82353
932.36771,149.57353
945.61771,158.32353
958.61771,158.82353
971.61771,153.82353
975.86771,144.07353
973.61771,133.57353
972.11771,123.32353
977.86771,112.82353
994.86771,107.07353
1004.36771,100.32353
1004.86771,90.57353
996.11771,81.57353
979.61771,82.32353
956.11771,100.57353
948.36771,114.82353
C

-color
t
109,111,64
SPL
976.22825,215.72827
967.97825,227.22827
961.72826,242.97826
969.97825,258.97826
995.22826,260.47826
1004.72825,248.97826
1004.22825,227.72827
996.72826,216.22827
994.72826,199.47827
996.72826,184.47826
1007.22826,177.97827
1019.22825,180.72827
1029.22825,185.47826
1040.97826,184.22826
1050.72826,171.97827
1046.47826,154.72826
1010.97826,146.97826
992.22825,148.97826
984.72826,159.72826
984.47826,171.22827
983.47826,179.72827
978.97825,191.47826
977.22825,201.97827
C

-color
t
202,150,96
SPL
968.83928,85.17857
950.08928,79.42857
945.33928,58.42857
960.33928,42.17857
975.33928,39.42857
988.83928,42.17857
1002.33928,45.42857
1018.58928,53.92857
1041.08928,54.17857
1052.83928,63.67857
1048.33928,80.67857
1027.58928,85.42857
1005.58928,71.42857
983.58928,77.92857
C

-color
t
77,88,69
SPL
993.61112,21.99994
1001.61111,40.24994
1016.36112,47.49994
1030.86111,37.24994
1032.61111,10.74994
1023.86111,-4.75006
997.11112,-18.00006
979.36111,-7.50006
980.86111,8.74994
C

-color
t
202,150,96
SPL
1009.08333,139.63888
1018.33333,143.13889
1035.08333,138.63888
1044.40503,122.95583
1040.78003,111.20583
1027.53003,105.08083
1014.53003,108.33083
1007.03003,120.58083
1005.28003,131.70583
C

-color
t
109,111,64
SPL
1042.42308,5.73071
1055.42308,23.73071
1071.17308,21.98071
1083.17308,15.98071
1098.17308,16.98071
1110.67308,10.48071
1115.17308,-3.01929
1108.17308,-13.51929
1088.92308,-18.76929
1077.92308,-26.51929
1067.67308,-29.01929
1053.67308,-24.26929
1040.92308,-13.01929
C

-color
t
77,88,69
SPL
1115.13637,110.50000
1123.88637,95.50000
1145.13637,88.25000
1158.63637,101.75000
1161.38637,116.75000
1157.38637,135.25000
1151.88637,157.50000
1129.63637,163.75000
1115.38637,149.50000
1104.38637,137.50000
1105.88637,121.50000
C

-color
t
202,150,96
SPL
1136.51786,19.78565
1145.01786,28.03565
1158.01786,33.03565
1170.01786,32.28565
1181.51786,23.53565
1181.51786,9.28565
1172.51786,-1.71435
1165.01786,-15.46435
1154.26786,-25.71435
1141.76786,-24.21435
1124.51786,-18.71435
1116.26786,-4.71435
1119.51786,5.53565
1127.76786,14.03565
C

-color
t
109,111,64
SPL
1159.60293,241.72059
1169.35293,248.22059
1182.60293,254.22059
1199.60294,250.97059
1207.35294,239.97059
1205.60294,226.22059
1195.10294,210.72059
1195.35294,188.72059
1189.85293,175.22059
1180.35293,171.97059
1170.60294,176.72059
1163.60293,186.22059
1151.60294,193.47059
1144.10294,208.97059
1141.10294,218.97059
1145.60294,229.47059
1152.60294,236.47059
C

-color
t
202,150,96
SPL
1168.19318,121.81818
1162.19318,134.81819
1162.94318,149.31818
1169.69318,159.81818
1182.69318,162.81818
1198.69318,154.81818
1203.44318,145.31818
1199.69318,132.31819
1194.19318,124.31818
1192.19318,117.56818
1190.69318,110.06819
1188.94318,95.31818
1191.94318,83.31819
1191.94318,72.31818
1185.19318,64.31818
1171.94318,62.31818
1164.94318,67.56818
1164.44318,77.56818
1170.69318,87.31819
1176.19318,94.81818
1177.19318,104.56818
1174.19318,113.06819
C

-color
t
202,150,96
SPL
1239.15385,6.86533
1215.15385,-14.38467
1223.15385,-45.63467
1256.40385,-56.13467
1276.65385,-32.63467
1286.15385,-18.38467
1294.15385,-2.38467
1304.65385,5.61533
1311.65385,20.61533
1305.65385,33.36533
1278.90385,38.61533
1262.65385,32.11533
1254.15385,16.36533
C

-color
t
109,111,64
SPL
1305.08333,187.63882
1314.33333,191.13882
1331.08333,186.63882
1340.40503,170.95577
1336.78003,159.20577
1323.53003,153.08077
1310.53003,156.33077
1303.03003,168.58077
1301.28003,179.70577
C

-color
t
77,88,69
SPL
1313.08333,67.63888
1322.33333,71.13889
1339.08333,66.63888
1348.40503,50.95583
1344.78003,39.20583
1331.53003,33.08083
1318.53003,36.33083
1311.03003,48.58083
1309.28003,59.70583
C

-color
t
202,150,96
SPL
1328.51786,235.78571
1337.01786,244.03571
1350.01786,249.03571
1362.01786,248.28571
1373.51786,239.53571
1373.51786,225.28571
1364.51786,214.28571
1357.01786,200.53571
1346.26786,190.28571
1333.76786,191.78571
1316.51786,197.28571
1308.26786,211.28571
1311.51786,221.53571
1319.76786,230.03571
C

-color
t
109,111,64
SPL
1314.97501,12.00827
1302.35001,-1.86673
1302.10001,-22.86673
1318.35000,-36.36673
1331.85001,-37.24173
1339.85000,-27.61673
1339.85000,-12.11673
1339.85001,1.13327
1350.85001,12.63327
1381.35001,21.38327
1384.97501,34.00827
1377.85001,43.38327
1362.85000,43.38327
1346.85001,37.13327
1334.10001,16.38327
C

-color
t
202,150,96
SPL
1348.50000,190.02077
1360.00000,205.02077
1381.25000,205.27077
1393.00000,198.02077
1395.75000,184.77077
1395.50000,165.77077
1408.75000,148.77077
1409.50000,129.77077
1394.25000,124.02077
1361.00000,146.77077
1349.50000,164.27077
1345.25000,177.27077
C

-color
t
77,88,69
SPL
1361.08333,91.63895
1370.33333,95.13895
1387.08333,90.63895
1396.40503,74.95589
1392.78003,63.20589
1379.53003,57.08089
1366.53003,60.33089
1359.03003,72.58089
1357.28003,83.70589
C

-color
t
202,150,96
SPL
1354.42308,77.73077
1367.42308,95.73077
1383.17308,93.98077
1395.17308,87.98077
1410.17308,88.98077
1422.67308,82.48077
1427.17308,68.98077
1420.17308,58.48077
1400.92308,53.23077
1389.92308,45.48077
1379.67308,42.98077
1365.67308,47.73077
1352.92308,58.98077
C

-color
t
109,111,64
SPL
1370.97501,12.00827
1358.35001,-1.86673
1358.10001,-22.86673
1374.35000,-36.36673
1387.85001,-37.24173
1395.85000,-27.61673
1395.85000,-12.11673
1395.85001,1.13327
1406.85001,12.63327
1437.35001,21.38327
1440.97501,34.00827
1433.85001,43.38327
1418.85000,43.38327
1402.85001,37.13327
1390.10001,16.38327
C

-color
t
77,88,69
SPL
1391.73611,236.94444
1393.73611,253.94444
1407.48611,264.44444
1423.23612,260.56944
1433.36111,251.94444
1433.98611,240.69444
1429.36112,230.56944
1427.98612,219.81944
1432.36111,209.19444
1435.36111,199.69444
1432.48611,190.31944
1424.48612,185.69444
1414.98611,187.44444
1406.48611,192.81944
1395.36111,196.94444
1389.48611,204.44444
1385.23611,217.19444
1386.11111,225.31944
C

