REC
0,0
D
1200.00000
300.00000
1200.00000,300.00000
-color
t
202,150,96
SPL
154.38722,460.01961
165.38722,479.76961
183.13722,490.26961
227.13722,482.01961
253.63722,463.76961
254.13722,442.26961
241.88722,432.76961
214.88722,429.26961
202.88722,412.51961
204.13722,393.76961
212.63722,379.01961
240.38722,365.51961
255.38722,334.26961
255.88722,305.51961
239.88722,293.76961
213.38722,283.76961
174.63722,291.01961
164.13722,277.01961
165.88722,247.76961
193.13722,237.51961
223.38722,230.76961
227.63722,205.76961
218.88722,191.51961
201.88722,182.76961
185.88722,159.51961
188.88722,137.01961
183.88722,115.76961
161.38722,104.76961
131.38722,107.76961
122.13722,124.76961
126.13722,144.01961
138.13722,163.51961
152.63722,178.26961
151.38722,199.76961
134.38722,210.26961
122.88722,220.01961
113.88722,235.76961
110.63722,251.76961
115.63722,275.76961
124.13722,293.26961
146.38722,309.01961
170.13722,315.76961
192.13722,324.26961
194.88722,340.76961
185.13722,351.26961
167.38722,360.76961
149.63722,368.76961
147.63722,395.26961
163.38722,408.51961
170.13722,426.26961
165.38722,439.26961
C

-color
t
109,111,64
SPL
269.63333,508.58749
251.13333,516.08749
235.13333,520.58749
225.38333,514.08749
222.88333,501.83749
226.63333,488.83749
248.88333,480.58749
265.38333,471.33749
269.13333,456.83749
260.63333,442.58749
248.63333,430.83749
227.38333,421.83749
222.63333,399.08749
230.63333,382.08749
246.88333,373.33749
272.88333,353.58749
285.63333,334.83749
283.88333,311.33749
261.38333,295.33749
262.63333,267.83749
273.13333,249.58749
265.38333,230.58749
243.13333,220.58749
238.38333,193.83749
240.63333,174.83749
257.13333,160.58749
269.88333,138.58749
256.63333,120.58749
234.88333,109.83749
223.63333,88.33749
228.13333,61.58749
239.88333,42.83749
274.63333,34.58749
297.88333,45.58749
302.13333,62.08749
301.13333,80.33749
304.13333,96.08749
318.63333,114.58749
323.38333,132.33749
319.88333,154.33749
305.38333,167.58749
299.38333,186.33749
300.38333,201.83749
308.63333,215.33749
326.13333,231.83749
328.13333,256.08749
323.38333,275.83750
321.63333,294.83749
333.63333,310.08749
337.63333,333.08749
320.13333,356.08749
316.38333,383.08749
303.63333,400.08749
298.63333,417.58749
309.88333,435.83749
315.63333,462.33749
334.13333,483.83749
329.38333,504.83749
316.38333,518.58749
291.88333,512.83749
C

-color
t
77,88,69
SPL
436.75752,483.88434
430.00752,503.38434
430.75752,522.38434
446.00752,534.13434
471.75752,534.88434
482.75752,514.63434
487.00752,496.38434
499.00752,486.13434
516.25752,490.63434
525.75752,500.38434
538.75752,504.63434
552.75752,497.63434
563.25752,481.13434
570.00752,459.13434
561.75752,443.63434
535.00752,431.88434
513.50752,427.63434
499.00752,421.38434
495.75752,405.38434
500.75752,388.88434
516.75752,380.63434
535.75752,372.88434
545.00752,336.88434
551.75752,318.13434
541.75752,302.13434
527.75752,295.63434
507.75752,295.63434
495.75752,283.38434
496.50752,259.38434
504.00752,237.88434
524.75752,233.13434
546.75752,227.38434
557.50752,206.38434
539.50752,180.88434
507.75752,183.13434
474.50752,198.63434
456.75752,189.88434
450.75752,160.38434
449.75752,124.88434
472.00752,106.38434
499.50752,103.88434
512.00752,80.63434
502.75752,44.88434
467.75752,30.63434
444.25752,37.13434
431.00752,54.88434
421.25752,68.88434
421.50752,87.38434
410.50752,100.63434
400.00752,116.13434
397.25752,133.13434
394.25752,156.63434
407.75752,172.38434
414.50752,196.88434
432.50752,215.88434
446.00752,227.63434
447.25752,242.13434
435.00752,270.63434
436.50752,291.13434
447.50752,309.38434
453.00752,332.63434
465.00752,348.13434
463.00752,365.88434
446.50752,379.13434
434.25752,410.88434
442.00752,437.13434
453.00752,463.88434
C

-color
t
202,150,96
SPL
699.09036,543.32230
709.09036,524.57230
728.09036,518.07230
744.59036,518.32230
758.59036,510.57230
759.09036,487.82230
746.09036,479.57230
723.84036,471.32230
716.34036,455.57230
724.84036,441.07230
736.84036,427.57230
736.09036,411.57230
720.09036,396.82230
695.84036,397.82230
686.59036,405.82230
681.09036,416.57230
670.59036,426.07230
653.84036,425.57230
646.09036,419.07230
642.84036,407.57230
646.59036,392.32230
652.59036,377.82230
671.84036,368.32230
685.59036,349.82230
688.59036,326.32229
688.84036,310.07230
682.84036,288.82230
688.09036,268.57229
703.34036,251.07230
727.34036,238.57230
757.59036,215.32230
763.34036,186.57230
778.59036,162.82230
776.59036,143.57230
758.84036,127.82230
745.34036,124.07230
731.34036,137.57230
722.09036,153.07230
710.34036,157.82230
700.59036,150.07230
698.59036,130.57230
697.59036,114.32230
697.84036,102.57230
697.59036,86.82230
700.34036,55.57230
680.84036,44.32230
654.09036,56.07230
643.09036,69.32230
634.59036,88.57230
640.34036,104.32230
639.84036,120.32230
619.84036,135.07230
615.59036,144.07230
614.84036,156.07230
620.84036,163.82230
635.84036,169.57230
657.09036,174.32230
679.59036,172.82230
695.59036,176.57230
701.34036,187.32230
697.59036,199.32230
688.34036,204.82230
671.84036,209.07230
653.59036,217.57230
649.34036,240.07230
636.34036,263.07230
639.84036,283.82229
644.59036,302.82229
632.84036,318.07229
616.34036,328.07229
614.09036,352.82230
608.34036,379.07230
609.84036,411.32230
612.09036,429.57230
617.59036,439.57230
633.84036,448.57230
649.84036,464.82230
654.34036,487.57230
649.09036,500.82230
645.59036,513.57230
649.59036,532.82230
664.09036,549.57230
681.09036,553.57230
C

-color
t
109,111,64
SPL
844.25000,510.33841
834.00000,525.58841
837.75000,542.08841
868.50000,554.58841
890.50000,542.33841
897.75000,527.58841
887.50000,507.33841
885.00000,495.08841
894.00000,482.83841
914.75000,481.33841
929.75000,483.58841
941.00000,476.83841
939.75000,457.33841
926.50000,449.83841
902.50000,447.58841
882.25000,452.58841
868.00000,444.08841
860.75000,433.33841
855.00000,421.08841
856.50000,409.08841
860.75000,394.58841
872.75000,388.08841
893.75000,387.08841
904.75000,375.58841
902.75000,362.08841
891.00000,357.08841
867.50000,353.33841
860.00000,338.08841
872.25000,322.58841
906.25000,317.08841
924.00000,308.33841
930.50000,298.83841
934.25000,280.58841
934.75000,269.58841
937.75000,236.83841
955.00000,221.08841
959.75000,195.83841
945.75000,182.58841
925.50000,175.08841
922.75000,138.08841
938.00000,118.58841
957.00000,102.58841
956.00000,84.83841
939.50000,77.08841
922.00000,86.58841
906.00000,93.08841
890.50000,84.83841
882.25000,59.33841
867.75000,52.83841
857.25000,59.33841
854.75000,72.58841
861.75000,84.08841
867.00000,94.83841
865.75000,107.08841
858.25000,116.33841
853.75000,125.33841
853.75000,132.33841
859.25000,139.83841
871.00000,145.58841
881.75000,156.58841
886.00000,166.08841
883.75000,186.08841
875.75000,199.58841
868.25000,209.08841
852.50000,223.58841
854.50000,241.83841
858.25000,252.08841
864.75000,264.83841
860.50000,279.58841
857.75000,296.83841
846.25000,306.83841
826.00000,310.83841
806.25000,331.33841
811.75000,348.33841
821.50000,361.33841
822.50000,378.08841
813.50000,398.08841
807.75000,423.83841
818.00000,442.33841
832.25000,453.58841
842.25000,478.58841
850.00000,492.08841
C

-color
t
202,150,96
SPL
1114.83018,547.82074
1076.08018,557.57074
1042.08018,556.07074
1021.33018,542.07074
1021.08018,525.57074
1042.33018,506.32074
1064.58018,489.57074
1067.83018,469.57074
1057.08018,455.32074
1043.08018,446.07074
1037.08018,425.07074
1034.08018,403.07074
1047.08018,387.07074
1068.58018,375.07074
1077.33018,343.07074
1074.33018,325.57074
1054.08018,308.82074
1033.33018,301.07074
1013.08018,265.57074
1011.58018,237.57074
1038.08018,221.82074
1059.58018,216.07074
1079.08018,179.82074
1077.08018,164.57074
1065.08018,146.82074
1052.83018,133.57074
1036.08018,106.07074
1022.83018,85.07074
1032.58018,64.57074
1065.33018,34.82074
1089.58018,36.82074
1107.83018,54.07074
1116.08018,82.07074
1110.08018,99.32074
1111.33018,119.82074
1121.83018,134.82074
1131.33018,153.32074
1125.83018,175.07074
1130.08018,190.32074
1127.83018,215.07074
1114.08018,230.07074
1104.33018,246.07074
1104.08018,266.82074
1114.83018,293.82074
1130.58018,312.82074
1127.58018,338.07074
1118.58018,367.07074
1125.58018,389.07074
1122.08018,421.07074
1110.33018,440.82074
1122.33018,472.82074
1119.08018,504.32074
1124.08018,528.57074
C

-color
t
77,88,69
SPL
333.67924,35.53767
338.17924,59.03767
352.42924,71.28767
371.42924,74.53767
390.17924,73.78767
399.17924,59.78767
399.67924,47.78767
393.92924,27.78767
387.42924,12.28767
377.67924,2.28767
362.67924,-4.96233
345.67924,-7.71233
332.67924,-15.21233
328.42924,-28.46233
327.92924,-42.21233
333.17924,-53.46233
350.17924,-63.21233
390.67924,-75.46233
405.92924,-83.96233
425.92924,-91.96233
440.67924,-106.96233
448.92924,-124.21233
451.17924,-139.71233
446.92924,-153.96233
433.67924,-163.96233
428.42924,-180.21233
434.42924,-197.71233
446.67924,-210.96233
449.17924,-223.71233
438.67924,-239.46233
423.17924,-248.96233
416.92924,-261.71233
400.17924,-280.21233
378.42924,-273.96233
372.42924,-264.21233
376.67924,-248.96233
389.42924,-239.21233
404.17924,-223.96233
401.92924,-207.21233
398.67924,-193.96233
387.67924,-173.21233
380.17924,-154.21233
381.17924,-135.71233
382.17924,-122.21233
375.67924,-112.21233
355.67924,-102.21233
332.67924,-103.71233
309.92924,-88.96233
300.67924,-69.21233
300.42924,-47.71233
296.42924,-25.71233
302.42924,-2.21233
317.92924,20.03767
C

-color
t
202,150,96
SPL
535.20313,21.99994
540.70313,39.74994
553.45313,48.99994
586.95313,53.74994
609.70313,44.49994
623.95313,35.99994
633.20313,19.99994
631.45313,1.24994
611.70313,-11.25006
586.95313,-22.75006
573.95313,-39.50006
572.20313,-58.25006
585.70313,-78.00006
610.45313,-87.50006
631.95313,-83.00006
654.70313,-86.50006
668.70313,-118.00006
656.20313,-129.75006
619.95313,-117.00006
600.20313,-111.75006
586.95313,-119.25006
580.45313,-132.50006
579.70313,-147.50006
602.45313,-174.25006
636.95313,-176.75006
646.70313,-195.25006
625.45313,-214.25006
592.70313,-205.00006
571.95313,-224.50006
551.95313,-237.00006
523.20313,-239.25006
513.20313,-227.75006
512.95313,-211.25006
533.45313,-201.00006
553.95313,-198.75006
563.20313,-186.50006
558.45313,-172.25006
547.95313,-162.50006
542.70313,-147.25006
547.70313,-132.50006
557.95313,-113.00006
554.95313,-96.50006
542.95313,-76.25006
533.70313,-64.75006
532.45313,-48.25006
545.20313,-31.75006
556.95313,-12.50006
546.20313,4.99994
C

-color
t
109,111,64
SPL
732.54546,11.07381
736.04546,24.82381
739.04546,34.07381
749.29546,41.32381
762.54546,42.07381
778.79545,38.57381
789.54545,26.82381
795.29545,14.82381
794.54545,1.32381
783.54545,-10.42619
772.54545,-22.92619
773.04545,-40.92619
781.29545,-55.42619
800.04546,-58.67619
813.04546,-59.67619
827.79546,-66.17619
836.04546,-87.17619
845.29546,-106.67619
842.04546,-118.67619
827.04546,-134.17619
804.54546,-144.17619
794.79545,-161.17619
799.54546,-175.67619
814.29546,-195.92619
821.29546,-216.92619
842.29546,-228.67619
846.04546,-249.92619
830.04546,-267.17619
790.29545,-277.67619
763.54546,-258.92619
759.04546,-241.92619
759.04546,-220.17619
760.29546,-201.42619
754.79546,-180.17619
745.54546,-168.67619
744.54546,-150.67619
758.04546,-125.67619
750.54546,-104.92619
729.54546,-97.42619
717.79546,-82.92619
715.54546,-59.67619
722.54546,-41.67619
737.79546,-30.17619
743.29546,-14.17619
C

-color
t
77,88,69
SPL
1007.97549,-3.78438
1016.97549,4.21562
1028.97549,16.71562
1048.47549,17.46562
1070.97549,-12.78438
1065.72549,-39.53438
1053.72549,-49.28438
1027.97549,-55.28438
1003.97549,-65.28438
989.47550,-84.28438
984.22549,-100.53438
985.22549,-117.28438
992.72550,-134.03438
1010.97549,-146.53438
1036.97549,-153.03438
1056.72549,-164.78438
1064.97549,-192.28438
1056.72549,-205.53438
1039.22549,-223.03438
1018.22549,-225.03438
991.72550,-216.03438
971.97550,-230.03438
964.97550,-246.78438
961.97549,-268.53438
944.47549,-285.53438
923.22549,-282.78438
915.97549,-268.53438
913.22549,-251.53438
922.47549,-221.28438
942.97549,-201.78438
957.22549,-189.78438
952.47549,-167.53438
942.22549,-149.78438
926.72549,-131.53438
919.72549,-105.78438
926.22549,-87.78438
943.22549,-76.03438
954.97549,-56.28438
954.72549,-38.28438
946.97549,-17.03438
937.22549,6.71562
927.47549,21.71562
926.47549,42.71562
935.47549,59.96562
954.22549,64.96562
968.47550,56.71562
974.47549,42.46562
977.47550,35.21562
977.72550,23.96562
982.22550,7.71562
990.22550,-2.78438
C

-color
t
77,88,69
SPL
-60.25000,82.32813
-52.25000,102.82813
-36.00000,107.07813
-21.00000,97.82813
-7.75000,91.82813
6.25000,96.57813
18.50000,98.32813
31.50000,89.57813
33.00000,73.32813
18.50000,61.82813
0.50000,49.07813
-9.75000,33.32813
-28.00000,30.57813
-49.25000,37.82813
-68.25000,55.32813
-68.50000,67.82813
C

-color
t
202,150,96
SPL
-29.45833,271.25000
-29.95833,288.25000
-14.45833,299.50000
2.79167,290.00000
3.54167,272.25000
-1.95833,255.50000
5.04167,235.50000
-1.95833,220.75000
-14.45833,218.50000
-24.45833,224.75000
-26.95833,239.50000
-23.70833,253.50000
C

-color
t
202,150,96
SPL
-44.11363,202.84091
-33.36363,216.34091
-16.36363,215.59091
-9.86363,203.84091
-7.11363,187.09091
3.13637,178.59091
21.13637,175.34091
32.13637,160.34091
24.63637,144.84091
-9.11363,150.84091
-39.86363,174.84091
C

-color
t
109,111,64
SPL
17.42308,277.25000
30.42308,291.00000
44.92308,289.75000
58.42308,284.25000
67.67308,272.00000
78.17308,249.25000
69.67308,235.75000
53.42308,232.75000
40.17308,232.50000
28.42308,231.50000
16.17308,236.75000
3.17308,245.50000
1.92308,264.00000
C

-color
t
109,111,64
SPL
-1.86539,212.59615
20.63461,229.59615
39.63461,230.59615
48.38461,218.59615
50.88461,201.34615
62.88461,188.84615
75.38461,174.09615
70.88461,157.59615
50.38461,153.34615
33.63461,165.84615
23.13461,178.59615
10.13461,184.84615
-2.61539,194.59615
C

-color
t
202,150,96
SPL
73.59091,371.65909
81.09091,382.40909
98.34091,387.15909
109.59091,377.40909
110.59091,359.65909
117.84091,335.15909
112.34091,298.15909
76.09091,296.90909
69.09091,314.90909
75.34091,333.90909
68.09091,352.40909
C

-color
t
202,150,96
SPL
340.94643,321.53571
347.94643,331.03571
357.94643,332.28571
369.69643,324.03571
377.44643,310.78571
387.19643,294.28571
382.94643,279.03571
372.19643,270.03571
354.94643,267.78571
339.19643,262.78571
327.69643,268.03571
325.69643,284.78570
335.19643,298.28571
339.44643,305.78571
C

-color
t
109,111,64
SPL
558.25000,310.50000
549.00000,299.75000
542.50000,287.75000
548.75000,269.00000
571.50000,265.25000
586.50000,271.50000
591.50000,290.50000
600.00000,305.00000
600.25000,324.25000
596.25000,343.50000
575.75000,354.75000
559.00000,357.00000
550.00000,349.50000
549.25000,337.75000
554.25000,328.50000
559.25000,320.50000
C

-color
t
77,88,69
SPL
708.41667,317.61667
720.91667,330.86667
739.16667,330.36667
747.41667,320.61667
752.16667,308.86667
764.91667,299.36667
768.66667,291.36667
767.41667,278.36667
756.91667,270.36667
737.66667,272.61667
721.91667,269.36667
712.66667,269.86667
696.41667,275.36667
684.66667,292.86667
690.66667,309.61667
C

-color
t
109,111,64
SPL
947.86363,320.86364
946.36363,334.86364
955.36363,350.86364
979.86363,352.36364
991.11363,335.61364
990.86363,310.61364
981.11363,282.36364
953.36363,266.36364
937.11363,277.61364
937.61363,293.11364
946.61363,304.86364
C

-color
t
77,88,69
SPL
30.08333,123.63888
39.33333,127.13889
56.08333,122.63888
65.40503,106.95583
61.78003,95.20583
48.53003,89.08083
35.53003,92.33083
28.03003,104.58083
26.28003,115.70583
C

-color
t
202,150,96
SPL
34.60001,52.23334
49.35001,60.98334
63.85000,59.98334
72.60000,48.23334
71.85000,35.23334
72.60000,26.73334
78.10001,10.98334
72.10000,-4.76666
53.35001,-7.51666
38.60001,4.98334
24.60000,9.23334
7.35001,15.73334
0.85001,34.23334
2.85001,46.23334
18.85000,54.48334
C

-color
t
109,111,64
SPL
14.50000,287.40385
25.75000,306.15385
45.00000,307.65385
56.50000,297.65385
71.00000,288.65385
86.75000,288.65385
107.50000,277.15385
106.75000,259.15385
89.25000,244.65385
72.25000,222.90385
47.00000,229.15385
10.25000,231.90385
5.25000,270.90385
C

-color
t
202,150,96
SPL
25.75000,126.32813
33.75000,146.82813
50.00000,151.07813
65.00000,141.82813
78.25000,135.82813
92.25000,140.57813
104.50000,142.32813
117.50000,133.57813
119.00000,117.32813
104.50000,105.82813
86.50000,93.07813
76.25000,77.32813
58.00000,74.57813
36.75000,81.82813
17.75000,99.32813
17.50000,111.82813
C

-color
t
77,88,69
SPL
78.08333,195.63888
87.33333,199.13889
104.08333,194.63888
113.40503,178.95583
109.78003,167.20583
96.53003,161.08083
83.53003,164.33083
76.03003,176.58083
74.28003,187.70583
C

-color
t
202,150,96
SPL
114.03125,-14.04688
110.78125,15.20313
123.78125,29.95313
134.78125,45.70313
129.53125,61.95313
108.28125,67.45313
86.53125,59.70313
78.53125,36.95313
79.28125,16.45313
78.03125,-9.54688
65.03125,-18.04688
51.78125,-29.54688
50.28125,-45.04688
63.03125,-54.29688
83.03125,-45.29688
92.78125,-30.04688
C

-color
t
109,111,64
SPL
134.08333,35.63888
143.33333,39.13889
160.08333,34.63888
169.40503,18.95583
165.78003,7.20583
152.53003,1.08083
139.53003,4.33083
132.03003,16.58083
130.28003,27.70583
C

-color
t
77,88,69
SPL
123.53849,11.63461
129.28849,29.63461
142.78848,42.13461
169.03849,40.88461
189.03849,30.13461
193.53849,18.63461
192.28849,7.88461
177.78848,-4.11539
165.78848,-11.11539
157.28849,-23.11539
143.53848,-33.11539
123.28848,-24.86539
121.28849,-3.61539
C

-color
t
202,150,96
SPL
149.51783,91.78571
158.01783,100.03571
171.01783,105.03571
183.01783,104.28571
194.51783,95.53571
194.51783,81.28571
185.51783,70.28571
178.01783,56.53571
167.26783,46.28571
154.76783,47.78571
137.51783,53.28571
129.26783,67.28571
132.51783,77.53571
140.76783,86.03571
C

-color
t
109,111,64
SPL
206.08333,27.63888
215.33333,31.13889
232.08333,26.63888
241.40503,10.95583
237.78003,-0.79417
224.53003,-6.91917
211.53003,-3.66917
204.03003,8.58083
202.28003,19.70583
C

-color
t
202,150,96
SPL
222.09091,275.86367
218.59091,258.86367
218.59091,246.61367
222.84091,236.86367
235.84091,228.61368
247.84091,232.61368
252.09091,243.61368
250.34091,254.86367
251.84091,268.11367
247.34091,279.11367
231.34091,283.61367
C

-color
t
77,88,69
SPL
197.28125,22.93750
201.03125,40.18750
229.28125,50.18750
244.03125,39.93750
257.53125,33.68750
270.53125,27.68750
275.28125,14.68750
269.53125,4.93750
259.28125,-1.56250
250.53125,-10.06250
244.03125,-19.81250
234.28125,-24.81250
217.53125,-21.06250
199.78125,-15.56250
192.53125,1.68750
195.53125,12.68750
C

-color
t
202,150,96
SPL
318.08333,195.63888
327.33333,199.13889
344.08333,194.63888
353.40503,178.95583
349.78003,167.20583
336.53003,161.08083
323.53003,164.33083
316.03003,176.58083
314.28003,187.70583
C

-color
t
109,111,64
SPL
319.60000,214.46667
307.85000,205.96667
305.10000,192.21667
308.10000,178.21667
321.85000,156.96667
346.85000,144.46667
367.85000,144.21667
379.60000,153.71667
380.85000,170.71667
381.60000,181.46667
378.10000,191.46667
367.35000,196.96667
353.85001,196.46667
342.60001,201.46667
333.35000,210.71667
C

-color
t
77,88,69
SPL
342.08333,243.63888
351.33333,247.13889
368.08333,242.63888
377.40503,226.95583
373.78003,215.20583
360.53003,209.08083
347.53003,212.33083
340.03003,224.58083
338.28003,235.70583
C

-color
t
202,150,96
SPL
342.60715,125.92857
348.35715,133.67857
358.35715,141.42857
372.85715,142.67857
388.10715,133.42857
390.60715,121.42857
386.35715,110.17857
384.10715,95.67857
380.60715,81.67857
371.35715,75.92857
346.35715,75.17857
328.10715,80.67857
325.10715,99.67857
336.60715,114.92857
C

-color
t
109,111,64
SPL
330.03125,230.21875
335.03125,246.71875
350.03125,252.46875
366.28125,245.46875
379.78125,241.21875
389.28125,246.21875
398.03125,252.96875
412.03125,255.21875
426.03125,242.71875
424.03125,227.21875
411.03125,216.71875
405.03125,204.96875
393.53125,198.46875
373.53125,199.71875
348.78125,202.96875
336.78125,214.96875
C

-color
t
202,150,96
SPL
390.61112,6.00000
398.61111,24.25000
413.36112,31.50000
427.86111,21.25000
429.61111,-5.25000
420.86111,-20.75000
394.11112,-34.00000
376.36111,-23.50000
377.86111,-7.25000
C

-color
t
77,88,69
SPL
398.08333,307.63888
407.33333,311.13889
424.08333,306.63888
433.40503,290.95583
429.78003,279.20583
416.53003,273.08083
403.53003,276.33083
396.03003,288.58083
394.28003,299.70583
C

-color
t
202,150,96
SPL
435.80763,5.73077
441.55763,21.48078
459.80763,24.23078
474.05763,15.73078
482.30763,7.23077
497.05763,1.48078
504.05763,-8.51923
500.80763,-19.76922
487.55763,-26.76922
470.05763,-24.51922
455.80763,-25.76922
446.30763,-19.51922
442.30763,-7.76923
C

-color
t
109,111,64
SPL
462.79167,174.16667
475.54167,175.41667
491.79167,175.91667
502.79167,165.66667
513.79167,154.16667
519.79167,134.41667
510.79167,118.91667
490.54167,120.91667
478.54167,131.41667
461.79167,136.66667
454.29167,146.91667
451.29167,162.66667
C

-color
t
77,88,69
SPL
502.09091,283.86364
498.59091,266.86364
498.59091,254.61364
502.84091,244.86364
515.84091,236.61365
527.84091,240.61365
532.09091,251.61365
530.34091,262.86364
531.84091,276.11364
527.34091,287.11364
511.34091,291.61364
C

-color
t
109,111,64
SPL
535.83327,122.98333
519.08327,117.98333
512.58327,104.48333
514.83327,84.23333
528.08327,61.48333
560.08327,51.23333
576.08328,59.48333
577.83328,80.48333
574.33327,94.73333
579.33328,106.98333
584.33328,115.48333
587.08328,129.23333
581.08328,138.73333
564.33327,139.73333
549.83327,128.23333
C

-color
t
202,150,96
SPL
569.29166,201.45830
556.29167,195.45831
550.04166,186.45831
552.79166,166.20831
569.54166,152.95831
586.04167,155.20831
594.54166,168.70831
595.29166,181.70831
595.79166,193.95831
599.04166,205.70830
597.54166,221.70830
588.54166,241.70831
581.54167,252.20831
568.29167,259.45831
556.79167,259.20831
550.29166,253.70831
546.54166,246.70831
546.04166,239.45831
549.79166,232.95831
558.04167,229.45830
568.54167,228.95830
576.79167,225.70830
580.79167,217.95830
578.79167,208.95830
C

-color
t
77,88,69
SPL
598.09097,283.86364
594.59097,266.86364
594.59097,254.61364
598.84097,244.86364
611.84097,236.61365
623.84097,240.61365
628.09097,251.61365
626.34097,262.86364
627.84097,276.11364
623.34097,287.11364
607.34097,291.61364
C

-color
t
202,150,96
SPL
614.61105,206.00000
622.61105,224.25000
637.36105,231.50000
651.86105,221.25000
653.61105,194.75000
644.86105,179.25000
618.11105,166.00000
600.36105,176.50000
601.86105,192.75000
C

-color
t
109,111,64
SPL
646.08333,27.63888
655.33333,31.13889
672.08333,26.63888
681.40503,10.95583
677.78003,-0.79417
664.53003,-6.91917
651.53003,-3.66917
644.03003,8.58083
642.28003,19.70583
C

-color
t
77,88,69
SPL
637.61765,-0.44118
641.36765,11.80882
643.36765,31.30882
656.36765,41.05882
675.36765,38.80882
688.61765,24.05882
709.86765,18.80882
728.11765,8.05882
726.86765,-7.44118
711.61765,-15.19118
676.61765,-15.69118
663.86765,-39.19118
645.11765,-46.69118
625.11765,-45.19118
613.61765,-26.94118
617.61765,-15.44118
627.86765,-8.44118
C

-color
t
202,150,96
SPL
702.09085,123.86364
698.59085,106.86364
698.59085,94.61364
702.84085,84.86364
715.84085,76.61365
727.84085,80.61365
732.09085,91.61365
730.34085,102.86364
731.84085,116.11364
727.34085,127.11364
711.34085,131.61364
C

-color
t
109,111,64
SPL
731.87500,39.14286
740.12500,46.39286
751.62500,53.89286
769.12500,50.89286
779.37500,50.39286
790.62500,59.14286
791.12500,75.39286
776.37500,88.64286
752.87500,91.64286
730.62500,83.89286
715.87500,75.39286
711.12500,61.14286
710.87500,45.89286
721.37500,37.39286
C

-color
t
202,150,96
SPL
765.51786,267.78574
774.01786,276.03574
787.01786,281.03574
799.01786,280.28574
810.51786,271.53574
810.51786,257.28574
801.51786,246.28574
794.01786,232.53574
783.26786,222.28574
770.76786,223.78574
753.51786,229.28574
745.26786,243.28574
748.51786,253.53574
756.76786,262.03574
C

-color
t
77,88,69
SPL
774.92500,286.07503
789.42500,301.57503
812.17500,297.82503
819.17500,274.32503
830.92500,250.32503
829.17500,231.57503
815.67500,219.07503
775.67500,207.32503
753.67500,223.57503
744.92500,254.07503
C

-color
t
202,150,96
SPL
786.80000,148.99001
778.55000,166.99001
776.05000,186.74001
782.55000,197.74001
792.05000,205.99001
803.55000,205.24001
810.80000,197.99001
810.05000,186.74001
804.55000,173.99001
802.05000,158.74000
808.30000,149.74000
816.55000,146.24001
824.30000,143.49001
830.55000,137.49000
832.05000,129.24001
826.05000,120.49001
814.05000,117.99001
794.80000,117.49001
782.55000,106.24001
762.30000,96.99001
749.05000,105.99001
749.05000,117.74001
759.80000,124.99001
777.05000,125.99001
786.80000,132.24001
C

-color
t
109,111,64
SPL
799.32353,7.38235
791.82353,28.38235
797.07353,40.38235
809.82353,44.38235
828.32353,44.13235
842.32353,38.88235
845.57353,25.63235
838.82353,14.63235
828.82353,6.38236
824.32353,-12.36765
817.57353,-27.86765
806.82353,-39.11765
786.07353,-43.36765
777.32353,-33.36765
779.57353,-22.86765
788.57353,-13.11765
798.57353,-3.11765
C

-color
t
77,88,69
SPL
822.08333,187.63885
831.33333,191.13885
848.08333,186.63885
857.40503,170.95580
853.78003,159.20580
840.53003,153.08080
827.53003,156.33080
820.03003,168.58080
818.28003,179.70580
C

-color
t
202,150,96
SPL
845.59745,-1.60912
838.26122,-11.95056
833.78947,-32.50000
847.01167,-50.75305
863.62868,-48.63173
869.81587,-38.64384
870.78814,-24.85526
879.36181,-14.24866
894.56461,-9.65246
903.04989,1.39608
900.28947,12.75000
891.28947,19.00000
881.53948,24.25000
874.03947,33.00000
861.78947,36.75000
850.81237,31.35973
847.36522,23.31639
847.45361,16.86404
848.24911,9.43942
C

-color
t
109,111,64
SPL
929.50000,166.02084
941.00000,181.02084
962.25000,181.27084
974.00000,174.02084
976.75000,160.77083
976.50000,141.77083
989.75000,124.77084
990.50000,105.77084
975.25000,100.02084
942.00000,122.77084
930.50000,140.27083
926.25000,153.27083
C

-color
t
202,150,96
SPL
966.08333,219.63892
975.33333,223.13892
992.08333,218.63892
1001.40503,202.95586
997.78003,191.20586
984.53003,185.08086
971.53003,188.33086
964.03003,200.58086
962.28003,211.70586
C

-color
t
77,88,69
SPL
990.08333,163.63888
999.33333,167.13889
1016.08333,162.63888
1025.40503,146.95583
1021.78003,135.20583
1008.53003,129.08083
995.53003,132.33083
988.03003,144.58083
986.28003,155.70583
C

-color
t
202,150,96
SPL
984.90000,61.52500
983.40000,82.27500
996.64999,96.27500
1022.65000,85.77500
1033.90000,62.52500
1028.90000,47.02500
1019.65000,26.02500
996.15000,17.02500
980.15000,26.27500
976.15000,41.52500
C

-color
t
109,111,64
SPL
1092.72223,36.66662
1127.22222,40.66667
1140.47222,24.16667
1134.22222,0.66667
1118.22223,-12.33338
1106.97223,-32.33337
1087.97223,-34.83337
1076.72222,-2.33333
1079.97222,23.41667
C

-color
t
77,88,69
SPL
1105.75000,260.40909
1114.75000,278.15909
1132.50000,278.15909
1153.25000,269.40909
1159.50000,253.15909
1174.75000,235.90909
1174.50000,218.15909
1155.50000,208.65909
1140.50000,218.40909
1133.25000,235.15909
1115.00000,247.15909
C

-color
t
202,150,96
SPL
1134.61112,134.00003
1142.61111,152.25003
1157.36112,159.50003
1171.86111,149.25003
1173.61111,122.75003
1164.86111,107.25003
1138.11112,94.00003
1120.36111,104.50003
1121.86111,120.75003
C

-color
t
109,111,64
SPL
1141.51798,83.78571
1150.01798,92.03571
1163.01798,97.03571
1175.01798,96.28571
1186.51798,87.53571
1186.51798,73.28571
1177.51798,62.28571
1170.01798,48.53571
1159.26798,38.28571
1146.76798,39.78571
1129.51798,45.28571
1121.26798,59.28571
1124.51798,69.53571
1132.76798,78.03571
C

-color
t
202,150,96
SPL
1166.61112,38.00000
1174.61111,56.25000
1189.36112,63.50000
1203.86111,53.25000
1205.61111,26.75000
1196.86111,11.25000
1170.11112,-2.00000
1152.36111,8.50000
1153.86111,24.75000
C

