REC
0,0
D
300.00000
300.00000
300.00000,300.00000
-color
t
109,111,64
SPL
315.13889,342.55556
311.13888,358.30556
297.88889,364.55556
279.38889,364.55556
262.63889,347.55556
259.38889,327.30556
263.13889,309.80556
276.88889,299.80556
286.63888,291.80556
294.13889,284.55556
299.63889,278.05556
306.63889,273.05556
316.63889,272.30556
325.13889,277.80556
329.13889,288.80556
325.38889,299.30556
317.38889,307.05556
311.13888,318.05556
C

-color
t
77,88,69
SPL
236.40790,348.11842
249.90790,340.61842
258.90790,326.36842
258.15790,309.36842
250.65790,297.61842
237.15790,291.36842
222.65790,286.36842
215.15790,273.61842
208.15790,261.36842
196.65790,257.11842
186.15790,264.11842
186.65790,281.36842
194.90790,304.86842
201.15790,315.36842
200.65790,327.61842
190.65790,348.61842
198.40790,360.86842
217.15790,361.86842
225.90790,354.61842
C

-color
t
202,150,96
SPL
173.26495,319.52941
164.51495,343.27941
139.76495,347.77941
119.01495,344.77941
108.51495,340.52941
96.01495,330.02941
89.01495,310.52941
89.76495,295.27941
101.26495,286.02941
115.01495,291.27941
133.01495,305.02941
148.51495,300.77941
158.76495,285.77941
173.01495,280.77941
183.76495,286.52941
186.76495,296.27941
181.51495,308.52941
C

-color
t
109,111,64
SPL
72.10715,344.33333
83.35715,338.58333
91.35715,325.83333
88.85715,313.58333
84.60715,298.33333
90.60715,284.33333
94.85715,272.33333
92.60715,258.33333
77.60715,249.33333
66.10715,253.83333
59.10715,272.08333
50.85715,287.33333
41.60715,300.33333
26.85715,307.83333
13.85715,315.33333
7.35715,330.33333
13.35715,343.83333
27.10715,351.83333
39.10715,362.08333
51.85715,362.33333
62.10715,354.33333
C

-color
t
109,111,64
SPL
4.80264,-40.31579
14.80264,-54.56579
29.55264,-59.06579
49.80263,-56.81579
63.30264,-54.56579
72.80264,-48.06579
78.05264,-40.81579
80.30264,-29.31579
73.55264,-9.31579
67.55264,6.68421
60.80264,18.18421
63.80264,36.18421
62.30264,50.18421
51.80263,56.93421
38.30264,51.93421
33.80264,29.43421
41.55264,4.68421
36.55264,-12.31579
13.55264,-23.31579
C

-color
t
77,88,69
SPL
118.16667,-58.44444
103.66666,-52.44444
95.91666,-36.94444
99.66666,-21.94444
114.41667,-13.19444
127.91667,2.05556
124.16667,18.30556
120.91667,35.55556
127.66667,44.05556
145.16667,44.05556
154.66666,30.30556
154.66666,10.55556
142.41667,-0.44444
133.66667,-12.19444
137.91667,-25.69444
147.66666,-37.44444
147.16666,-52.44444
135.16667,-62.44444
C

-color
t
202,150,96
SPL
209.55556,-41.31944
183.05556,-49.31944
165.05556,-38.06944
162.80556,-23.06944
166.30556,-9.56944
181.30556,-3.06944
198.80556,-4.81944
211.55556,1.93056
212.80556,15.93056
206.80556,29.68056
209.55556,45.68056
225.55556,52.93056
240.55556,43.43056
244.05556,4.93056
258.30556,-15.31944
254.55556,-37.31944
236.55556,-46.31944
221.55556,-42.56944
C

-color
t
109,111,64
SPL
276.51225,-23.91251
271.26225,-38.41250
277.51225,-52.41251
291.76225,-59.91251
310.76225,-60.16251
324.51225,-49.41251
327.76225,-32.91250
325.26225,-22.91251
314.76225,-13.16250
305.51225,-9.16250
295.26225,-3.91251
290.26225,6.33750
289.76225,23.08749
288.26225,36.58749
278.76225,44.33749
266.01225,42.08749
260.51225,31.08749
263.01225,18.08750
270.51225,8.08750
278.76225,-4.66251
C

-color
t
77,88,69
SPL
35.79988,301.62500
39.79988,282.62500
48.04988,260.87500
68.54988,245.62500
81.54988,245.12500
99.29988,246.12500
110.04988,240.12500
113.79988,224.87500
102.79988,207.62500
79.04988,207.62500
46.29988,219.37500
15.79988,229.12500
0.04988,233.87500
-7.20012,244.12500
-12.20012,265.37500
-13.95012,282.12500
-12.20012,292.87500
-3.70012,303.12500
9.04988,306.62500
22.29988,309.62500
C

-color
t
202,150,96
SPL
13.34988,205.95000
0.34988,204.95000
-9.90012,194.20000
-1.65012,172.45000
14.59987,165.20000
25.09988,166.70000
32.59988,173.20000
41.09988,179.20000
53.84988,178.95000
63.09988,169.45000
70.59988,157.45000
84.59988,153.45000
94.34988,160.45000
93.09988,175.45000
71.59988,188.70000
61.59988,200.45000
54.09988,209.95000
44.59988,211.95000
34.09988,208.70000
24.09988,205.20000
C

-color
t
109,111,64
SPL
9.80757,145.73074
15.55757,161.48075
33.80757,164.23075
48.05757,155.73075
56.30757,147.23074
71.05757,141.48074
78.05757,131.48074
74.80757,120.23075
61.55757,113.23075
44.05757,115.48075
29.80757,114.23075
20.30757,120.48075
16.30757,132.23074
C

-color
t
202,150,96
SPL
28.08321,103.63892
37.33321,107.13892
54.08321,102.63892
63.40491,86.95586
59.77991,75.20586
46.52991,69.08086
33.52991,72.33086
26.02991,84.58086
24.27991,95.70586
C

-color
t
77,88,69
SPL
46.36830,113.07892
24.11830,109.32892
17.36830,92.57892
19.61830,76.82892
34.86830,64.07892
49.36830,60.82892
61.11830,63.57892
67.36830,74.32892
71.11830,88.07892
79.61830,96.07892
92.86830,97.82892
114.36830,98.82892
122.36830,105.82892
124.11830,117.32892
116.36830,126.82892
105.61830,127.57892
94.11830,119.82892
80.86830,110.57892
66.11830,107.07892
C

-color
t
202,150,96
SPL
76.09091,71.86364
72.59091,54.86364
72.59091,42.61364
76.84091,32.86364
89.84091,24.61365
101.84091,28.61365
106.09091,39.61365
104.34091,50.86364
105.84091,64.11364
101.34091,75.11364
85.34091,79.61364
C

-color
t
109,111,64
SPL
95.40909,140.43181
112.15909,154.43182
132.90909,150.93182
149.90909,137.68181
140.90909,109.68182
137.65909,88.18181
120.90909,77.43182
105.40909,81.43182
94.40909,97.68181
78.40909,111.68181
79.40909,129.93182
C

-color
t
77,88,69
SPL
108.08333,263.63888
117.33333,267.13889
134.08333,262.63888
143.40503,246.95583
139.78003,235.20583
126.53003,229.08083
113.53003,232.33083
106.03003,244.58083
104.28003,255.70583
C

-color
t
202,150,96
SPL
116.39063,205.07816
97.14063,195.82816
93.39063,176.32816
107.89063,159.57816
124.39063,159.82816
133.14063,170.32816
139.89063,181.82816
142.89063,193.57816
152.89063,206.07816
166.64063,213.57816
176.64063,227.32816
171.89063,241.57816
157.64063,245.32816
142.89063,236.07816
138.64063,227.32816
131.89063,215.57816
C

-color
t
109,111,64
SPL
118.13637,18.50000
126.88637,3.50000
148.13637,-3.75000
161.63637,9.75000
164.38637,24.75000
160.38637,43.25000
154.88637,65.50000
132.63637,71.75000
118.38637,57.50000
107.38637,45.50000
108.88637,29.50000
C

-color
t
202,150,96
SPL
148.09091,191.86367
144.59091,174.86367
144.59091,162.61367
148.84091,152.86367
161.84091,144.61368
173.84091,148.61368
178.09091,159.61368
176.34091,170.86367
177.84091,184.11367
173.34091,195.11367
157.34091,199.61367
C

-color
t
77,88,69
SPL
178.77632,99.85529
180.02632,113.85529
187.02632,124.35529
200.52632,129.10529
211.27632,135.85529
213.77632,146.35529
206.52632,156.85529
196.02632,158.35529
186.27632,155.10529
178.77632,151.60529
168.52632,143.10529
160.02632,134.60529
153.77632,123.85529
150.27632,115.35529
147.27632,101.60529
147.27632,91.85529
152.77632,84.35529
161.27632,82.10529
171.27632,86.35529
C

-color
t
202,150,96
SPL
173.85001,47.35000
160.85000,60.35000
158.60000,77.10000
172.35001,86.60000
192.10001,91.35000
202.85000,82.85000
204.10000,71.60000
200.10001,61.60000
197.10001,49.35000
201.60000,30.60000
198.85001,13.10000
188.35000,6.60000
178.35001,10.10000
174.60001,20.60000
177.60001,35.35000
C

-color
t
109,111,64
SPL
188.09103,239.86364
184.59103,222.86364
184.59103,210.61364
188.84103,200.86364
201.84103,192.61365
213.84103,196.61365
218.09103,207.61365
216.34103,218.86364
217.84103,232.11364
213.34103,243.11364
197.34103,247.61364
C

-color
t
77,88,69
SPL
188.60703,241.92857
194.35703,249.67857
204.35703,257.42857
218.85703,258.67857
234.10703,249.42857
236.60703,237.42857
232.35703,226.17857
230.10703,211.67857
226.60703,197.67857
217.35703,191.92857
192.35703,191.17857
174.10703,196.67857
171.10703,215.67857
182.60703,230.92857
C

-color
t
202,150,96
SPL
212.08321,95.63888
221.33321,99.13889
238.08321,94.63888
247.40491,78.95583
243.77991,67.20583
230.52991,61.08083
217.52991,64.33083
210.02991,76.58083
208.27991,87.70583
C

-color
t
109,111,64
SPL
208.93762,112.66666
193.93762,96.66666
202.43762,66.66666
235.43762,53.41666
262.93762,66.91666
266.43762,94.91666
255.68762,118.16667
252.68762,139.91666
243.93762,159.66666
227.18762,165.66666
211.93762,154.16666
210.43762,134.66666
C

-color
t
202,150,96
SPL
241.91692,212.93753
244.41692,229.43753
256.16692,239.18753
282.91692,236.68753
292.16692,216.43753
279.91692,200.18753
256.66692,186.18753
244.16692,172.43753
228.16692,166.93753
218.66692,173.93753
219.41692,185.93753
234.16692,198.93753
C

-color
t
77,88,69
SPL
260.09091,183.86367
256.59091,166.86367
256.59091,154.61367
260.84091,144.86367
273.84091,136.61368
285.84091,140.61368
290.09091,151.61368
288.34091,162.86367
289.84091,176.11367
285.34091,187.11367
269.34091,191.61367
C

-color
t
202,150,96
SPL
257.48438,146.84375
251.48438,168.09375
255.23438,182.84375
276.98438,192.84375
293.98438,190.59375
303.48438,185.84375
311.48438,175.84375
314.23438,160.09375
307.48438,151.34375
295.73438,143.34375
289.48438,133.09375
285.48438,122.09375
276.23438,114.34375
264.23438,115.09375
256.48438,123.84375
255.73438,134.34375
C

-color
t
109,111,64
SPL
286.48077,105.53849
283.73077,119.53849
292.48077,132.53849
317.23078,131.28849
327.98078,120.53849
326.98078,99.03849
314.48078,86.78849
308.98077,65.78849
292.23077,37.03849
264.23077,43.28849
261.98077,64.78849
277.48078,78.53849
287.48077,89.28849
C

-color
t
202,150,96
SPL
-33.38888,38.00000
-25.38889,56.25000
-10.63888,63.50000
3.86111,53.25000
5.61111,26.75000
-3.13889,11.25000
-29.88888,-2.00000
-47.63889,8.50000
-46.13889,24.75000
C

