REC
0,0
D
1200.00000
300.00000
1200.00000,300.00000
-color
t
202,150,96
SPL
-17.22368,252.98684
-34.97369,242.23684
-36.22369,217.73684
-20.47368,196.23684
-4.97369,189.48685
26.77632,190.73684
35.27632,204.23684
38.27632,221.48684
34.02632,238.73684
31.77632,249.98684
27.27632,261.98684
28.77632,274.73685
34.52632,286.23685
33.27632,301.48685
20.77631,309.73685
4.52632,303.48684
-0.22369,288.98684
-4.47369,276.23684
-8.22368,264.73684
C

-color
t
202,150,96
SPL
-47.01316,317.22368
-57.76316,334.97369
-82.26316,336.22369
-103.76316,320.47368
-110.51315,304.97369
-109.26316,273.22368
-95.76316,264.72368
-78.51316,261.72368
-61.26316,265.97368
-50.01316,268.22368
-38.01316,272.72368
-25.26315,271.22368
-13.76315,265.47368
1.48685,266.72368
9.73685,279.22369
3.48684,295.47368
-11.01316,300.22369
-23.76316,304.47369
-35.26316,308.22368
C

-color
t
77,88,69
SPL
-28.35416,89.24994
-27.85416,109.74994
-15.10416,119.24994
12.89583,126.99994
49.64584,122.74994
59.39584,107.74994
55.39584,79.99994
33.39584,74.49994
12.64583,71.74994
0.39583,58.49994
-13.10416,53.74994
-27.85416,66.74994
C

-color
t
202,150,96
SPL
0.35938,13.31256
-0.39063,36.56256
4.35938,55.56256
19.35938,62.31256
37.10938,60.31256
46.10938,48.06256
49.10938,30.56256
41.85938,14.56256
34.85938,-5.68744
18.35938,-15.68744
11.10938,-23.43744
1.85938,-41.18744
-17.64063,-46.43744
-41.89063,-31.93744
-38.64063,-11.43744
-18.14063,1.06256
C

-color
t
109,111,64
SPL
1159.68421,295.19736
1145.43421,285.19736
1140.93421,270.44736
1143.18421,250.19737
1145.43421,236.69736
1151.93421,227.19736
1159.18421,221.94736
1170.68421,219.69736
1190.68421,226.44736
1206.68421,232.44736
1218.18421,239.19736
1236.18421,236.19736
1250.18421,237.69736
1256.93421,248.19737
1251.93421,261.69736
1229.43421,266.19736
1204.68421,258.44736
1187.68421,263.44736
1176.68421,286.44736
C

-color
t
77,88,69
SPL
1141.55556,181.83340
1147.55556,196.33340
1163.05556,204.08340
1178.05556,200.33340
1186.80556,185.58340
1202.05556,172.08340
1218.30556,175.83340
1235.55556,179.08340
1244.05556,172.33340
1244.05556,154.83340
1230.30556,145.33340
1210.55556,145.33340
1199.55556,157.58340
1187.80556,166.33340
1174.30556,162.08340
1162.55556,152.33340
1147.55556,152.83340
1137.55556,164.83340
C

-color
t
202,150,96
SPL
1158.68056,90.44438
1150.68056,116.94438
1161.93056,134.94438
1176.93056,137.19438
1190.43056,133.69438
1196.93056,118.69438
1195.18056,101.19438
1201.93056,88.44438
1215.93056,87.19438
1229.68056,93.19438
1245.68056,90.44438
1252.93056,74.44438
1243.43056,59.44438
1204.93056,55.94438
1184.68056,41.69438
1162.68056,45.44438
1153.68056,63.44438
1157.43056,78.44438
C

-color
t
109,111,64
SPL
1176.08749,23.48756
1161.58750,28.73756
1147.58749,22.48756
1140.08749,8.23756
1139.83749,-10.76244
1150.58749,-24.51244
1167.08750,-27.76244
1177.08749,-25.26244
1186.83750,-14.76244
1190.83750,-5.51244
1196.08749,4.73756
1206.33750,9.73756
1223.08749,10.23756
1236.58749,11.73756
1244.33749,21.23756
1242.08749,33.98756
1231.08749,39.48756
1218.08750,36.98756
1208.08750,29.48756
1195.33749,21.23756
C

-color
t
77,88,69
SPL
333.67924,335.53767
338.17924,359.03767
352.42924,371.28767
371.42924,374.53767
390.17924,373.78767
399.17924,359.78767
399.67924,347.78767
393.92924,327.78767
387.42924,312.28767
377.67924,302.28767
362.67924,295.03767
345.67924,292.28767
332.67924,284.78767
328.42924,271.53767
327.92924,257.78767
333.17924,246.53767
350.17924,236.78767
390.67924,224.53767
405.92924,216.03767
425.92924,208.03767
440.67924,193.03767
448.92924,175.78767
451.17924,160.28767
446.92924,146.03767
433.67924,136.03767
428.42924,119.78767
434.42924,102.28767
446.67924,89.03767
449.17924,76.28767
438.67924,60.53767
423.17924,51.03767
416.92924,38.28767
400.17924,19.78767
378.42924,26.03767
372.42924,35.78767
376.67924,51.03767
389.42924,60.78767
404.17924,76.03767
401.92924,92.78767
398.67924,106.03767
387.67924,126.78767
380.17924,145.78767
381.17924,164.28767
382.17924,177.78767
375.67924,187.78767
355.67924,197.78767
332.67924,196.28767
309.92924,211.03767
300.67924,230.78767
300.42924,252.28767
296.42924,274.28767
302.42924,297.78767
317.92924,320.03767
C

-color
t
202,150,96
SPL
535.20313,321.99994
540.70313,339.74994
553.45313,348.99994
586.95313,353.74994
609.70313,344.49994
623.95313,335.99994
633.20313,319.99994
631.45313,301.24994
611.70313,288.74994
586.95313,277.24994
573.95313,260.49994
572.20313,241.74994
585.70313,221.99994
610.45313,212.49994
631.95313,216.99994
654.70313,213.49994
668.70313,181.99994
656.20313,170.24994
619.95313,182.99994
600.20313,188.24994
586.95313,180.74994
580.45313,167.49994
579.70313,152.49994
602.45313,125.74994
636.95313,123.24994
646.70313,104.74994
625.45313,85.74994
592.70313,94.99994
571.95313,75.49994
551.95313,62.99994
523.20313,60.74994
513.20313,72.24994
512.95313,88.74994
533.45313,98.99994
553.95313,101.24994
563.20313,113.49994
558.45313,127.74994
547.95313,137.49994
542.70313,152.74994
547.70313,167.49994
557.95313,186.99994
554.95313,203.49994
542.95313,223.74994
533.70313,235.24994
532.45313,251.74994
545.20313,268.24994
556.95313,287.49994
546.20313,304.99994
C

-color
t
109,111,64
SPL
732.54546,311.07381
736.04546,324.82381
739.04546,334.07381
749.29546,341.32381
762.54546,342.07381
778.79545,338.57381
789.54545,326.82381
795.29545,314.82381
794.54545,301.32381
783.54545,289.57381
772.54545,277.07381
773.04545,259.07381
781.29545,244.57381
800.04546,241.32381
813.04546,240.32381
827.79546,233.82381
836.04546,212.82381
845.29546,193.32381
842.04546,181.32381
827.04546,165.82381
804.54546,155.82381
794.79545,138.82381
799.54546,124.32381
814.29546,104.07381
821.29546,83.07381
842.29546,71.32381
846.04546,50.07381
830.04546,32.82381
790.29545,22.32381
763.54546,41.07381
759.04546,58.07381
759.04546,79.82381
760.29546,98.57381
754.79546,119.82381
745.54546,131.32381
744.54546,149.32381
758.04546,174.32381
750.54546,195.07381
729.54546,202.57381
717.79546,217.07381
715.54546,240.32381
722.54546,258.32381
737.79546,269.82381
743.29546,285.82381
C

-color
t
77,88,69
SPL
1007.97549,296.21562
1016.97549,304.21562
1028.97549,316.71562
1048.47549,317.46562
1070.97549,287.21562
1065.72549,260.46562
1053.72549,250.71562
1027.97549,244.71562
1003.97549,234.71562
989.47550,215.71562
984.22549,199.46562
985.22549,182.71562
992.72550,165.96562
1010.97549,153.46562
1036.97549,146.96562
1056.72549,135.21562
1064.97549,107.71562
1056.72549,94.46562
1039.22549,76.96562
1018.22549,74.96562
991.72550,83.96562
971.97550,69.96562
964.97550,53.21562
961.97549,31.46562
944.47549,14.46562
923.22549,17.21562
915.97549,31.46562
913.22549,48.46562
922.47549,78.71562
942.97549,98.21562
957.22549,110.21562
952.47549,132.46562
942.22549,150.21562
926.72549,168.46562
919.72549,194.21562
926.22549,212.21562
943.22549,223.96562
954.97549,243.71562
954.72549,261.71562
946.97549,282.96562
937.22549,306.71562
927.47549,321.71562
926.47549,342.71562
935.47549,359.96562
954.22549,364.96562
968.47550,356.71562
974.47549,342.46562
977.47550,335.21562
977.72550,323.96562
982.22550,307.71562
990.22550,297.21562
C

-color
t
202,150,96
SPL
129.25996,211.47000
98.25996,197.47000
101.50996,165.22000
137.25996,120.97000
133.00996,89.47000
99.00996,43.47000
122.25996,16.22000
128.75996,-33.28000
122.25996,-58.28000
117.00996,-91.28000
217.75996,-99.28000
249.00996,-43.03000
221.25996,-15.28000
196.25996,19.72000
240.25996,59.47000
253.50996,91.22000
227.50996,123.22000
161.75996,172.72000
188.00996,202.22000
249.00996,189.97000
257.25996,226.97000
222.00996,246.47000
182.75996,251.97000
157.00996,247.97000
146.75996,226.47000
C

-color
t
202,150,96
SPL
114.03125,285.95313
110.78125,315.20313
123.78125,329.95313
134.78125,345.70313
129.53125,361.95313
108.28125,367.45313
86.53125,359.70313
78.53125,336.95313
79.28125,316.45313
78.03125,290.45313
65.03125,281.95313
51.78125,270.45313
50.28125,254.95313
63.03125,245.70313
83.03125,254.70313
92.78125,269.95313
C

-color
t
77,88,69
SPL
123.53849,311.63461
129.28849,329.63461
142.78848,342.13461
169.03849,340.88461
189.03849,330.13461
193.53849,318.63461
192.28849,307.88461
177.78848,295.88461
165.78848,288.88461
157.28849,276.88461
143.53848,266.88461
123.28848,275.13461
121.28849,296.38461
C

-color
t
77,88,69
SPL
197.28125,322.93750
201.03125,340.18750
229.28125,350.18750
244.03125,339.93750
257.53125,333.68750
270.53125,327.68750
275.28125,314.68750
269.53125,304.93750
259.28125,298.43750
250.53125,289.93750
244.03125,280.18750
234.28125,275.18750
217.53125,278.93750
199.78125,284.43750
192.53125,301.68750
195.53125,312.68750
C

-color
t
202,150,96
SPL
390.61112,306.00000
398.61111,324.25000
413.36112,331.50000
427.86111,321.25000
429.61111,294.75000
420.86111,279.25000
394.11112,266.00000
376.36111,276.50000
377.86111,292.75000
C

-color
t
202,150,96
SPL
435.80763,305.73077
441.55763,321.48078
459.80763,324.23078
474.05763,315.73078
482.30763,307.23077
497.05763,301.48078
504.05763,291.48077
500.80763,280.23078
487.55763,273.23078
470.05763,275.48078
455.80763,274.23078
446.30763,280.48078
442.30763,292.23077
C

-color
t
77,88,69
SPL
637.61765,299.55882
641.36765,311.80882
643.36765,331.30882
656.36765,341.05882
675.36765,338.80882
688.61765,324.05882
709.86765,318.80882
728.11765,308.05882
726.86765,292.55882
711.61765,284.80882
676.61765,284.30882
663.86765,260.80882
645.11765,253.30882
625.11765,254.80882
613.61765,273.05882
617.61765,284.55882
627.86765,291.55882
C

-color
t
109,111,64
SPL
799.32353,307.38235
791.82353,328.38235
797.07353,340.38235
809.82353,344.38235
828.32353,344.13235
842.32353,338.88235
845.57353,325.63235
838.82353,314.63235
828.82353,306.38236
824.32353,287.63235
817.57353,272.13235
806.82353,260.88235
786.07353,256.63235
777.32353,266.63235
779.57353,277.13235
788.57353,286.88235
798.57353,296.88235
C

-color
t
202,150,96
SPL
845.59745,298.39088
838.26122,288.04944
833.78947,267.50000
847.01167,249.24695
863.62868,251.36827
869.81587,261.35616
870.78814,275.14474
879.36181,285.75134
894.56461,290.34754
903.04989,301.39608
900.28947,312.75000
891.28947,319.00000
881.53948,324.25000
874.03947,333.00000
861.78947,336.75000
850.81237,331.35973
847.36522,323.31639
847.45361,316.86404
848.24911,309.43942
C

-color
t
109,111,64
SPL
1092.72223,336.66662
1127.22222,340.66667
1140.47222,324.16667
1134.22222,300.66667
1118.22223,287.66662
1106.97223,267.66663
1087.97223,265.16663
1076.72222,297.66667
1079.97222,323.41667
C

-color
t
77,88,69
SPL
-21.97223,195.56938
-37.22223,193.81938
-44.97223,181.81938
-43.22223,166.31938
-27.22223,146.06938
-8.72223,136.56938
13.77777,134.56938
32.02777,137.56938
51.77777,147.06938
63.02777,159.06938
63.02777,171.56938
55.52777,178.31938
44.52777,177.56938
34.02777,171.56938
23.77777,167.56938
6.77777,168.06938
-4.22223,177.81938
-10.72223,187.31938
C

-color
t
202,150,96
SPL
45.08333,219.63888
54.33333,223.13889
71.08333,218.63888
80.40503,202.95583
76.78003,191.20583
63.53003,185.08083
50.53003,188.33083
43.03003,200.58083
41.28003,211.70583
C

-color
t
109,111,64
SPL
52.42105,11.81573
53.92105,28.31573
62.67105,36.31573
76.67105,36.81573
84.92105,29.06573
91.17105,17.81573
100.92105,11.56573
108.67105,3.56573
108.92105,-8.18427
101.42105,-15.18427
78.92105,-17.93427
71.17105,-28.18427
61.17105,-39.68427
40.92105,-47.93427
26.17105,-42.18427
23.67105,-28.43427
32.17105,-17.93427
42.67105,-9.18427
50.92105,1.81573
C

-color
t
77,88,69
SPL
59.17857,89.23220
46.42857,71.23220
54.92857,49.73220
75.92857,39.23220
87.67857,39.48220
98.92857,46.98220
102.92857,59.23220
102.92857,69.98220
111.17857,88.23220
111.42857,108.48220
104.92857,123.73220
85.17857,126.98220
74.42857,118.73220
69.67857,106.98220
C

-color
t
202,150,96
SPL
197.08333,179.63882
206.33333,183.13882
223.08333,178.63882
232.40503,162.95577
228.78003,151.20577
215.53003,145.08077
202.53003,148.33077
195.03003,160.58077
193.28003,171.70577
C

-color
t
109,111,64
SPL
243.77632,7.85526
245.02632,21.85526
252.02632,32.35526
265.52632,37.10526
276.27632,43.85526
278.77632,54.35526
271.52632,64.85526
261.02632,66.35526
251.27632,63.10526
243.77632,59.60526
233.52632,51.10526
225.02632,42.60526
218.77632,31.85526
215.27632,23.35526
212.27632,9.60526
212.27632,-0.14474
217.77632,-7.64474
226.27632,-9.89474
236.27632,-5.64474
C

-color
t
202,150,96
SPL
251.72223,188.66662
286.22222,192.66667
299.47222,176.16667
293.22222,152.66667
277.22223,139.66662
265.97223,119.66663
246.97223,117.16663
235.72222,149.66667
238.97222,175.41667
C

-color
t
77,88,69
SPL
257.05357,-7.08935
248.55357,17.41065
260.05357,33.66065
276.80357,42.91065
289.55357,41.91065
299.05357,34.41065
300.55357,21.16065
297.80357,11.41065
298.55357,0.41065
305.55357,-12.08935
306.55357,-26.83935
298.05357,-35.08935
280.05357,-32.08935
261.80357,-22.83935
C

-color
t
202,150,96
SPL
283.86363,108.86364
282.36363,122.86364
291.36363,138.86364
315.86363,140.36364
327.11363,123.61364
326.86363,98.61364
317.11363,70.36364
289.36363,54.36364
273.11363,65.61364
273.61363,81.11364
282.61363,92.86364
C

-color
t
109,111,64
SPL
305.05357,16.91071
296.55357,41.41071
308.05357,57.66071
324.80357,66.91071
337.55357,65.91071
347.05357,58.41071
348.55357,45.16071
345.80357,35.41071
346.55357,24.41071
353.55357,11.91071
354.55357,-2.83929
346.05357,-11.08929
328.05357,-8.08929
309.80357,1.16071
C

-color
t
77,88,69
SPL
317.79167,182.16667
330.54167,183.41667
346.79167,183.91667
357.79167,173.66667
368.79167,162.16667
374.79167,142.41667
365.79167,126.91667
345.54167,128.91667
333.54167,139.41667
316.79167,144.66667
309.29167,154.91667
306.29167,170.66667
C

-color
t
202,150,96
SPL
354.81250,241.83334
329.06250,257.83333
331.81250,278.83334
342.06250,289.83334
358.31250,290.83334
373.06250,283.33334
381.81250,267.83333
405.31250,258.83333
412.81250,245.83334
406.31250,233.83334
390.56250,232.33334
374.06250,242.83334
C

-color
t
109,111,64
SPL
407.68750,4.64577
421.18750,18.14577
439.68750,19.14577
452.93750,10.64577
462.18750,-2.60423
457.43750,-19.85423
435.93750,-30.10423
390.43750,-34.60423
362.68750,-24.10423
363.18750,-4.60423
375.93750,3.64577
392.43750,1.39577
C

-color
t
202,150,96
SPL
410.80763,253.73077
416.55763,269.48078
434.80763,272.23078
449.05763,263.73078
457.30763,255.23077
472.05763,249.48078
479.05763,239.48077
475.80763,228.23078
462.55763,221.23078
445.05763,223.48078
430.80763,222.23078
421.30763,228.48078
417.30763,240.23077
C

-color
t
77,88,69
SPL
447.13637,94.50000
455.88637,79.50000
477.13637,72.25000
490.63637,85.75000
493.38637,100.75000
489.38637,119.25000
483.88637,141.50000
461.63637,147.75000
447.38637,133.50000
436.38637,121.50000
437.88637,105.50000
C

-color
t
202,150,96
SPL
453.08333,51.63888
462.33333,55.13889
479.08333,50.63888
488.40503,34.95583
484.78003,23.20583
471.53003,17.08083
458.53003,20.33083
451.03003,32.58083
449.28003,43.70583
C

-color
t
109,111,64
SPL
461.08333,179.63882
470.33333,183.13882
487.08333,178.63882
496.40503,162.95577
492.78003,151.20577
479.53003,145.08077
466.53003,148.33077
459.03003,160.58077
457.28003,171.70577
C

-color
t
77,88,69
SPL
454.60000,70.46667
442.85000,61.96667
440.10000,48.21667
443.10000,34.21667
456.85000,12.96667
481.85000,0.46667
502.85000,0.21667
514.60000,9.71667
515.85000,26.71667
516.60000,37.46667
513.10000,47.46667
502.35000,52.96667
488.85001,52.46667
477.60001,57.46667
468.35000,66.71667
C

-color
t
202,150,96
SPL
480.93420,227.43421
485.93421,245.43421
498.93420,253.43421
509.43421,252.93421
518.68420,245.68421
520.18420,236.43421
515.93420,226.18421
510.43421,219.18421
508.43421,208.43421
511.18421,201.18421
514.80920,193.55921
514.30920,182.68421
507.93421,175.55921
495.93421,175.18421
484.18421,183.68421
473.43420,190.43421
468.43420,200.93421
471.18420,210.18421
476.93420,218.93421
C

-color
t
109,111,64
SPL
509.09097,299.86364
505.59097,282.86364
505.59097,270.61364
509.84097,260.86364
522.84097,252.61365
534.84097,256.61365
539.09097,267.61365
537.34097,278.86364
538.84097,292.11364
534.34097,303.11364
518.34097,307.61364
C

-color
t
202,150,96
SPL
524.51780,11.78565
533.01780,20.03565
546.01780,25.03565
558.01780,24.28565
569.51780,15.53565
569.51780,1.28565
560.51780,-9.71435
553.01780,-23.46435
542.26780,-33.71435
529.76780,-32.21435
512.51780,-26.71435
504.26780,-12.71435
507.51780,-2.46435
515.76780,6.03565
C

-color
t
77,88,69
SPL
573.08339,59.63888
582.33339,63.13889
599.08339,58.63888
608.40509,42.95583
604.78009,31.20583
591.53009,25.08083
578.53009,28.33083
571.03009,40.58083
569.28009,51.70583
C

-color
t
202,150,96
SPL
597.08327,179.63882
606.33327,183.13882
623.08327,178.63882
632.40497,162.95577
628.77997,151.20577
615.52997,145.08077
602.52997,148.33077
595.02997,160.58077
593.27997,171.70577
C

-color
t
109,111,64
SPL
570.89279,65.07143
585.89279,83.32143
604.64279,85.82143
614.14279,77.32143
620.39279,64.82143
632.64279,58.57143
649.39279,53.57143
654.64279,44.32143
650.64279,33.07143
638.14279,22.57143
611.14279,24.32143
590.89279,20.07143
571.14279,28.07143
559.64279,49.32143
C

-color
t
202,150,96
SPL
639.86771,124.07353
630.36771,136.82353
632.36771,149.57353
645.61771,158.32353
658.61771,158.82353
671.61771,153.82353
675.86771,144.07353
673.61771,133.57353
672.11771,123.32353
677.86771,112.82353
694.86771,107.07353
704.36771,100.32353
704.86771,90.57353
696.11771,81.57353
679.61771,82.32353
656.11771,100.57353
648.36771,114.82353
C

-color
t
109,111,64
SPL
676.22825,215.72827
667.97825,227.22827
661.72826,242.97826
669.97825,258.97826
695.22826,260.47826
704.72825,248.97826
704.22825,227.72827
696.72826,216.22827
694.72826,199.47827
696.72826,184.47826
707.22826,177.97827
719.22825,180.72827
729.22825,185.47826
740.97826,184.22826
750.72826,171.97827
746.47826,154.72826
710.97826,146.97826
692.22825,148.97826
684.72826,159.72826
684.47826,171.22827
683.47826,179.72827
678.97825,191.47826
677.22825,201.97827
C

-color
t
202,150,96
SPL
668.83928,85.17857
650.08928,79.42857
645.33928,58.42857
660.33928,42.17857
675.33928,39.42857
688.83928,42.17857
702.33928,45.42857
718.58928,53.92857
741.08928,54.17857
752.83928,63.67857
748.33928,80.67857
727.58928,85.42857
705.58928,71.42857
683.58928,77.92857
C

-color
t
77,88,69
SPL
693.61112,21.99994
701.61111,40.24994
716.36112,47.49994
730.86111,37.24994
732.61111,10.74994
723.86111,-4.75006
697.11112,-18.00006
679.36111,-7.50006
680.86111,8.74994
C

-color
t
202,150,96
SPL
709.08333,139.63888
718.33333,143.13889
735.08333,138.63888
744.40503,122.95583
740.78003,111.20583
727.53003,105.08083
714.53003,108.33083
707.03003,120.58083
705.28003,131.70583
C

-color
t
109,111,64
SPL
742.42308,5.73071
755.42308,23.73071
771.17308,21.98071
783.17308,15.98071
798.17308,16.98071
810.67308,10.48071
815.17308,-3.01929
808.17308,-13.51929
788.92308,-18.76929
777.92308,-26.51929
767.67308,-29.01929
753.67308,-24.26929
740.92308,-13.01929
C

-color
t
77,88,69
SPL
815.13637,110.50000
823.88637,95.50000
845.13637,88.25000
858.63637,101.75000
861.38637,116.75000
857.38637,135.25000
851.88637,157.50000
829.63637,163.75000
815.38637,149.50000
804.38637,137.50000
805.88637,121.50000
C

-color
t
202,150,96
SPL
836.51786,19.78565
845.01786,28.03565
858.01786,33.03565
870.01786,32.28565
881.51786,23.53565
881.51786,9.28565
872.51786,-1.71435
865.01786,-15.46435
854.26786,-25.71435
841.76786,-24.21435
824.51786,-18.71435
816.26786,-4.71435
819.51786,5.53565
827.76786,14.03565
C

-color
t
109,111,64
SPL
859.60293,241.72059
869.35293,248.22059
882.60293,254.22059
899.60294,250.97059
907.35294,239.97059
905.60294,226.22059
895.10294,210.72059
895.35294,188.72059
889.85293,175.22059
880.35293,171.97059
870.60294,176.72059
863.60293,186.22059
851.60294,193.47059
844.10294,208.97059
841.10294,218.97059
845.60294,229.47059
852.60294,236.47059
C

-color
t
202,150,96
SPL
868.19318,121.81818
862.19318,134.81819
862.94318,149.31818
869.69318,159.81818
882.69318,162.81818
898.69318,154.81818
903.44318,145.31818
899.69318,132.31819
894.19318,124.31818
892.19318,117.56818
890.69318,110.06819
888.94318,95.31818
891.94318,83.31819
891.94318,72.31818
885.19318,64.31818
871.94318,62.31818
864.94318,67.56818
864.44318,77.56818
870.69318,87.31819
876.19318,94.81818
877.19318,104.56818
874.19318,113.06819
C

-color
t
202,150,96
SPL
939.15385,6.86533
915.15385,-14.38467
923.15385,-45.63467
956.40385,-56.13467
976.65385,-32.63467
986.15385,-18.38467
994.15385,-2.38467
1004.65385,5.61533
1011.65385,20.61533
1005.65385,33.36533
978.90385,38.61533
962.65385,32.11533
954.15385,16.36533
C

-color
t
109,111,64
SPL
1005.08333,187.63882
1014.33333,191.13882
1031.08333,186.63882
1040.40503,170.95577
1036.78003,159.20577
1023.53003,153.08077
1010.53003,156.33077
1003.03003,168.58077
1001.28003,179.70577
C

-color
t
77,88,69
SPL
1013.08333,67.63888
1022.33333,71.13889
1039.08333,66.63888
1048.40503,50.95583
1044.78003,39.20583
1031.53003,33.08083
1018.53003,36.33083
1011.03003,48.58083
1009.28003,59.70583
C

-color
t
202,150,96
SPL
1028.51786,235.78571
1037.01786,244.03571
1050.01786,249.03571
1062.01786,248.28571
1073.51786,239.53571
1073.51786,225.28571
1064.51786,214.28571
1057.01786,200.53571
1046.26786,190.28571
1033.76786,191.78571
1016.51786,197.28571
1008.26786,211.28571
1011.51786,221.53571
1019.76786,230.03571
C

-color
t
109,111,64
SPL
1014.97501,12.00827
1002.35001,-1.86673
1002.10001,-22.86673
1018.35000,-36.36673
1031.85001,-37.24173
1039.85000,-27.61673
1039.85000,-12.11673
1039.85001,1.13327
1050.85001,12.63327
1081.35001,21.38327
1084.97501,34.00827
1077.85001,43.38327
1062.85000,43.38327
1046.85001,37.13327
1034.10001,16.38327
C

-color
t
202,150,96
SPL
1048.50000,190.02077
1060.00000,205.02077
1081.25000,205.27077
1093.00000,198.02077
1095.75000,184.77077
1095.50000,165.77077
1108.75000,148.77077
1109.50000,129.77077
1094.25000,124.02077
1061.00000,146.77077
1049.50000,164.27077
1045.25000,177.27077
C

-color
t
77,88,69
SPL
1061.08333,91.63895
1070.33333,95.13895
1087.08333,90.63895
1096.40503,74.95589
1092.78003,63.20589
1079.53003,57.08089
1066.53003,60.33089
1059.03003,72.58089
1057.28003,83.70589
C

-color
t
202,150,96
SPL
1054.42308,77.73077
1067.42308,95.73077
1083.17308,93.98077
1095.17308,87.98077
1110.17308,88.98077
1122.67308,82.48077
1127.17308,68.98077
1120.17308,58.48077
1100.92308,53.23077
1089.92308,45.48077
1079.67308,42.98077
1065.67308,47.73077
1052.92308,58.98077
C

-color
t
109,111,64
SPL
1070.97501,12.00827
1058.35001,-1.86673
1058.10001,-22.86673
1074.35000,-36.36673
1087.85001,-37.24173
1095.85000,-27.61673
1095.85000,-12.11673
1095.85001,1.13327
1106.85001,12.63327
1137.35001,21.38327
1140.97501,34.00827
1133.85001,43.38327
1118.85000,43.38327
1102.85001,37.13327
1090.10001,16.38327
C

-color
t
77,88,69
SPL
1091.73611,236.94444
1093.73611,253.94444
1107.48611,264.44444
1123.23612,260.56944
1133.36111,251.94444
1133.98611,240.69444
1129.36112,230.56944
1127.98612,219.81944
1132.36111,209.19444
1135.36111,199.69444
1132.48611,190.31944
1124.48612,185.69444
1114.98611,187.44444
1106.48611,192.81944
1095.36111,196.94444
1089.48611,204.44444
1085.23611,217.19444
1086.11111,225.31944
C

