REC
300,600
1500,900
-color
t
202,150,96
SPL
301.96153,921.67308
315.96153,930.42308
332.71153,927.67308
353.21153,920.67308
356.46153,892.17308
354.71153,866.67308
331.46153,862.17308
312.46153,877.17308
286.71153,874.17308
264.71153,882.42308
255.46153,895.92308
264.21153,912.17308
284.96153,915.42308
C

-color
t
109,111,64
SPL
266.91667,862.23333
288.16667,869.23333
305.16667,873.48333
319.16667,867.23333
327.16667,856.73333
334.66667,844.73333
349.16667,836.23333
364.16667,828.73333
370.66667,812.48333
351.16667,791.48333
312.16667,815.23333
297.91667,817.48333
283.41667,817.98333
267.41667,825.48333
261.91667,841.23333
C

-color
t
202,150,96
SPL
294.81250,758.83334
269.06250,774.83333
271.81250,795.83334
282.06250,806.83334
298.31250,807.83334
313.06250,800.33334
321.81250,784.83333
345.31250,775.83333
352.81250,762.83334
346.31250,750.83334
330.56250,749.33334
314.06250,759.83334
C

-color
t
77,88,69
SPL
305.13461,739.63461
316.13461,747.63461
333.38461,746.63461
342.38461,734.88461
355.88461,720.63461
353.63461,695.88461
333.63461,690.38461
317.38461,701.13461
299.13461,701.13461
280.13461,704.38461
270.13461,716.13461
273.88461,729.88461
287.88461,735.88461
C

-color
t
202,150,96
SPL
270.64063,672.51567
260.39063,652.76567
269.14063,636.26567
284.14063,633.01567
307.14063,634.01567
320.39063,623.26567
354.39063,610.51567
364.14063,623.26567
356.64063,641.76567
343.14063,647.26567
328.39063,656.76567
325.64063,678.51567
321.14063,688.51567
306.39063,694.76567
291.89063,698.51567
275.89063,690.76567
C

-color
t
109,111,64
SPL
1457.44444,915.13889
1441.69444,911.13888
1435.44444,897.88889
1435.44444,879.38889
1452.44444,862.63889
1472.69444,859.38889
1490.19444,863.13889
1500.19444,876.88889
1508.19444,886.63888
1515.44444,894.13889
1521.94444,899.63889
1526.94444,906.63889
1527.69444,916.63889
1522.19444,925.13889
1511.19444,929.13889
1500.69444,925.38889
1492.94444,917.38889
1481.94444,911.13888
C

-color
t
77,88,69
SPL
1451.88158,836.40790
1459.38158,849.90790
1473.63158,858.90790
1490.63158,858.15790
1502.38158,850.65790
1508.63158,837.15790
1513.63158,822.65790
1526.38158,815.15790
1538.63158,808.15790
1542.88158,796.65790
1535.88158,786.15790
1518.63158,786.65790
1495.13158,794.90790
1484.63158,801.15790
1472.38158,800.65790
1451.38158,790.65790
1439.13158,798.40790
1438.13158,817.15790
1445.38158,825.90790
C

-color
t
202,150,96
SPL
1480.47059,773.26471
1456.72059,764.51471
1452.22059,739.76471
1455.22059,719.01471
1459.47059,708.51471
1469.97059,696.01471
1489.47059,689.01471
1504.72059,689.76471
1513.97059,701.26471
1508.72059,715.01471
1494.97059,733.01471
1499.22059,748.51471
1514.22059,758.76471
1519.22059,773.01471
1513.47059,783.76471
1503.72059,786.76471
1491.47059,781.51471
C

-color
t
109,111,64
SPL
1455.66667,672.10719
1461.41667,683.35719
1474.16667,691.35719
1486.41667,688.85719
1501.66667,684.60719
1515.66667,690.60719
1527.66667,694.85719
1541.66667,692.60719
1550.66667,677.60719
1546.16667,666.10719
1527.91667,659.10719
1512.66667,650.85719
1499.66667,641.60719
1492.16667,626.85719
1484.66667,613.85719
1469.66667,607.35719
1456.16667,613.35719
1448.16667,627.10719
1437.91667,639.10719
1437.66667,651.85719
1445.66667,662.10719
C

-color
t
202,150,96
SPL
454.38722,760.01961
465.38722,779.76961
483.13722,790.26961
527.13722,782.01961
553.63722,763.76961
554.13722,742.26961
541.88722,732.76961
514.88722,729.26961
502.88722,712.51961
504.13722,693.76961
512.63722,679.01961
540.38722,665.51961
555.38722,634.26961
555.88722,605.51961
539.88722,593.76961
513.38722,583.76961
474.63722,591.01961
464.13722,577.01961
465.88722,547.76961
493.13722,537.51961
523.38722,530.76961
527.63722,505.76961
518.88722,491.51961
501.88722,482.76961
485.88722,459.51961
488.88722,437.01961
483.88722,415.76961
461.38722,404.76961
431.38722,407.76961
422.13722,424.76961
426.13722,444.01961
438.13722,463.51961
452.63722,478.26961
451.38722,499.76961
434.38722,510.26961
422.88722,520.01961
413.88722,535.76961
410.63722,551.76961
415.63722,575.76961
424.13722,593.26961
446.38722,609.01961
470.13722,615.76961
492.13722,624.26961
494.88722,640.76961
485.13722,651.26961
467.38722,660.76961
449.63722,668.76961
447.63722,695.26961
463.38722,708.51961
470.13722,726.26961
465.38722,739.26961
C

-color
t
109,111,64
SPL
569.63333,808.58749
551.13333,816.08749
535.13333,820.58749
525.38333,814.08749
522.88333,801.83749
526.63333,788.83749
548.88333,780.58749
565.38333,771.33749
569.13333,756.83749
560.63333,742.58749
548.63333,730.83749
527.38333,721.83749
522.63333,699.08749
530.63333,682.08749
546.88333,673.33749
572.88333,653.58749
585.63333,634.83749
583.88333,611.33749
561.38333,595.33749
562.63333,567.83749
573.13333,549.58749
565.38333,530.58749
543.13333,520.58749
538.38333,493.83749
540.63333,474.83749
557.13333,460.58749
569.88333,438.58749
556.63333,420.58749
534.88333,409.83749
523.63333,388.33749
528.13333,361.58749
539.88333,342.83749
574.63333,334.58749
597.88333,345.58749
602.13333,362.08749
601.13333,380.33749
604.13333,396.08749
618.63333,414.58749
623.38333,432.33749
619.88333,454.33749
605.38333,467.58749
599.38333,486.33749
600.38333,501.83749
608.63333,515.33749
626.13333,531.83749
628.13333,556.08749
623.38333,575.83750
621.63333,594.83749
633.63333,610.08749
637.63333,633.08749
620.13333,656.08749
616.38333,683.08749
603.63333,700.08749
598.63333,717.58749
609.88333,735.83749
615.63333,762.33749
634.13333,783.83749
629.38333,804.83749
616.38333,818.58749
591.88333,812.83749
C

-color
t
77,88,69
SPL
736.75752,783.88434
730.00752,803.38434
730.75752,822.38434
746.00752,834.13434
771.75752,834.88434
782.75752,814.63434
787.00752,796.38434
799.00752,786.13434
816.25752,790.63434
825.75752,800.38434
838.75752,804.63434
852.75752,797.63434
863.25752,781.13434
870.00752,759.13434
861.75752,743.63434
835.00752,731.88434
813.50752,727.63434
799.00752,721.38434
795.75752,705.38434
800.75752,688.88434
816.75752,680.63434
835.75752,672.88434
845.00752,636.88434
851.75752,618.13434
841.75752,602.13434
827.75752,595.63434
807.75752,595.63434
795.75752,583.38434
796.50752,559.38434
804.00752,537.88434
824.75752,533.13434
846.75752,527.38434
857.50752,506.38434
839.50752,480.88434
807.75752,483.13434
774.50752,498.63434
756.75752,489.88434
750.75752,460.38434
749.75752,424.88434
772.00752,406.38434
799.50752,403.88434
812.00752,380.63434
802.75752,344.88434
767.75752,330.63434
744.25752,337.13434
731.00752,354.88434
721.25752,368.88434
721.50752,387.38434
710.50752,400.63434
700.00752,416.13434
697.25752,433.13434
694.25752,456.63434
707.75752,472.38434
714.50752,496.88434
732.50752,515.88434
746.00752,527.63434
747.25752,542.13434
735.00752,570.63434
736.50752,591.13434
747.50752,609.38434
753.00752,632.63434
765.00752,648.13434
763.00752,665.88434
746.50752,679.13434
734.25752,710.88434
742.00752,737.13434
753.00752,763.88434
C

-color
t
202,150,96
SPL
999.09036,843.32230
1009.09036,824.57230
1028.09036,818.07230
1044.59036,818.32230
1058.59036,810.57230
1059.09036,787.82230
1046.09036,779.57230
1023.84036,771.32230
1016.34036,755.57230
1024.84036,741.07230
1036.84036,727.57230
1036.09036,711.57230
1020.09036,696.82230
995.84036,697.82230
986.59036,705.82230
981.09036,716.57230
970.59036,726.07230
953.84036,725.57230
946.09036,719.07230
942.84036,707.57230
946.59036,692.32230
952.59036,677.82230
971.84036,668.32230
985.59036,649.82230
988.59036,626.32229
988.84036,610.07230
982.84036,588.82230
988.09036,568.57229
1003.34036,551.07230
1027.34036,538.57230
1057.59036,515.32230
1063.34036,486.57230
1078.59036,462.82230
1076.59036,443.57230
1058.84036,427.82230
1045.34036,424.07230
1031.34036,437.57230
1022.09036,453.07230
1010.34036,457.82230
1000.59036,450.07230
998.59036,430.57230
997.59036,414.32230
997.84036,402.57230
997.59036,386.82230
1000.34036,355.57230
980.84036,344.32230
954.09036,356.07230
943.09036,369.32230
934.59036,388.57230
940.34036,404.32230
939.84036,420.32230
919.84036,435.07230
915.59036,444.07230
914.84036,456.07230
920.84036,463.82230
935.84036,469.57230
957.09036,474.32230
979.59036,472.82230
995.59036,476.57230
1001.34036,487.32230
997.59036,499.32230
988.34036,504.82230
971.84036,509.07230
953.59036,517.57230
949.34036,540.07230
936.34036,563.07230
939.84036,583.82229
944.59036,602.82229
932.84036,618.07229
916.34036,628.07229
914.09036,652.82230
908.34036,679.07230
909.84036,711.32230
912.09036,729.57230
917.59036,739.57230
933.84036,748.57230
949.84036,764.82230
954.34036,787.57230
949.09036,800.82230
945.59036,813.57230
949.59036,832.82230
964.09036,849.57230
981.09036,853.57230
C

-color
t
109,111,64
SPL
1144.25000,810.33841
1134.00000,825.58841
1137.75000,842.08841
1168.50000,854.58841
1190.50000,842.33841
1197.75000,827.58841
1187.50000,807.33841
1185.00000,795.08841
1194.00000,782.83841
1214.75000,781.33841
1229.75000,783.58841
1241.00000,776.83841
1239.75000,757.33841
1226.50000,749.83841
1202.50000,747.58841
1182.25000,752.58841
1168.00000,744.08841
1160.75000,733.33841
1155.00000,721.08841
1156.50000,709.08841
1160.75000,694.58841
1172.75000,688.08841
1193.75000,687.08841
1204.75000,675.58841
1202.75000,662.08841
1191.00000,657.08841
1167.50000,653.33841
1160.00000,638.08841
1172.25000,622.58841
1206.25000,617.08841
1224.00000,608.33841
1230.50000,598.83841
1234.25000,580.58841
1234.75000,569.58841
1237.75000,536.83841
1255.00000,521.08841
1259.75000,495.83841
1245.75000,482.58841
1225.50000,475.08841
1222.75000,438.08841
1238.00000,418.58841
1257.00000,402.58841
1256.00000,384.83841
1239.50000,377.08841
1222.00000,386.58841
1206.00000,393.08841
1190.50000,384.83841
1182.25000,359.33841
1167.75000,352.83841
1157.25000,359.33841
1154.75000,372.58841
1161.75000,384.08841
1167.00000,394.83841
1165.75000,407.08841
1158.25000,416.33841
1153.75000,425.33841
1153.75000,432.33841
1159.25000,439.83841
1171.00000,445.58841
1181.75000,456.58841
1186.00000,466.08841
1183.75000,486.08841
1175.75000,499.58841
1168.25000,509.08841
1152.50000,523.58841
1154.50000,541.83841
1158.25000,552.08841
1164.75000,564.83841
1160.50000,579.58841
1157.75000,596.83841
1146.25000,606.83841
1126.00000,610.83841
1106.25000,631.33841
1111.75000,648.33841
1121.50000,661.33841
1122.50000,678.08841
1113.50000,698.08841
1107.75000,723.83841
1118.00000,742.33841
1132.25000,753.58841
1142.25000,778.58841
1150.00000,792.08841
C

-color
t
202,150,96
SPL
1414.83018,847.82074
1376.08018,857.57074
1342.08018,856.07074
1321.33018,842.07074
1321.08018,825.57074
1342.33018,806.32074
1364.58018,789.57074
1367.83018,769.57074
1357.08018,755.32074
1343.08018,746.07074
1337.08018,725.07074
1334.08018,703.07074
1347.08018,687.07074
1368.58018,675.07074
1377.33018,643.07074
1374.33018,625.57074
1354.08018,608.82074
1333.33018,601.07074
1313.08018,565.57074
1311.58018,537.57074
1338.08018,521.82074
1359.58018,516.07074
1379.08018,479.82074
1377.08018,464.57074
1365.08018,446.82074
1352.83018,433.57074
1336.08018,406.07074
1322.83018,385.07074
1332.58018,364.57074
1365.33018,334.82074
1389.58018,336.82074
1407.83018,354.07074
1416.08018,382.07074
1410.08018,399.32074
1411.33018,419.82074
1421.83018,434.82074
1431.33018,453.32074
1425.83018,475.07074
1430.08018,490.32074
1427.83018,515.07074
1414.08018,530.07074
1404.33018,546.07074
1404.08018,566.82074
1414.83018,593.82074
1430.58018,612.82074
1427.58018,638.07074
1418.58018,667.07074
1425.58018,689.07074
1422.08018,721.07074
1410.33018,740.82074
1422.33018,772.82074
1419.08018,804.32074
1424.08018,828.57074
C

-color
t
77,88,69
SPL
337.08333,683.63885
346.33333,687.13885
363.08333,682.63885
372.40503,666.95580
368.78003,655.20580
355.53003,649.08080
342.53003,652.33080
335.03003,664.58080
333.28003,675.70580
C

-color
t
202,150,96
SPL
361.61112,766.00000
369.61111,784.25000
384.36112,791.50000
398.86111,781.25000
400.61111,754.75000
391.86111,739.25000
365.11112,726.00000
347.36111,736.50000
348.86111,752.75000
C

-color
t
109,111,64
SPL
361.08333,723.63888
370.33333,727.13889
387.08333,722.63888
396.40503,706.95583
392.78003,695.20583
379.53003,689.08083
366.53003,692.33083
359.03003,704.58083
357.28003,715.70583
C

-color
t
77,88,69
SPL
367.86363,900.86364
366.36363,914.86364
375.36363,930.86364
399.86363,932.36364
411.11363,915.61364
410.86363,890.61364
401.11363,862.36364
373.36363,846.36364
357.11363,857.61364
357.61363,873.11364
366.61363,884.86364
C

-color
t
202,150,96
SPL
373.59091,671.65909
381.09091,682.40909
398.34091,687.15909
409.59091,677.40909
410.59091,659.65909
417.84091,635.15909
412.34091,598.15909
376.09091,596.90909
369.09091,614.90909
375.34091,633.90909
368.09091,652.40909
C

-color
t
109,111,64
SPL
393.18750,830.54688
381.18750,816.29688
387.93750,792.54688
415.43750,790.54688
424.18750,799.29688
425.43750,814.29688
428.18750,831.54688
440.18750,842.54688
447.43750,859.54688
440.43750,872.29688
427.43750,879.04688
414.93750,873.54688
410.68750,864.54688
410.43750,854.04688
408.43750,844.04688
402.81250,837.29688
C

-color
t
202,150,96
SPL
411.90000,741.52500
410.40000,762.27500
423.64999,776.27500
449.65000,765.77500
460.90000,742.52500
455.90000,727.02500
446.65000,706.02500
423.15000,697.02500
407.15000,706.27500
403.15000,721.52500
C

-color
t
77,88,69
SPL
414.94444,941.29630
407.94444,962.04630
422.44444,979.04630
448.94444,980.29630
483.69444,976.04630
501.19444,965.29630
501.69444,947.04630
489.44444,933.29630
482.19444,916.29630
485.69444,903.29630
495.69444,885.79630
524.44444,873.04630
527.19444,850.29630
506.94444,841.04630
479.94444,840.04630
464.19444,819.04630
450.69444,809.04630
438.94444,813.29630
435.19444,829.29630
444.44444,841.54630
454.19444,850.29630
456.44444,862.54630
444.44444,876.79630
433.44444,883.29630
424.19444,893.79630
422.69444,910.79630
422.94444,926.04630
C

-color
t
202,150,96
SPL
498.18420,901.81579
499.93420,919.06580
509.18420,931.06580
523.18420,930.31580
535.18421,919.06580
547.68421,911.31580
559.43421,915.31580
568.18420,925.56580
582.68420,932.06580
595.43420,924.81580
596.93420,909.81579
587.93420,887.31579
595.68420,866.56580
593.93420,844.81580
575.68420,836.56580
542.18421,830.81580
530.93420,846.81580
527.43420,871.56580
510.18420,884.31579
C

-color
t
109,111,64
SPL
601.08333,875.63888
610.33333,879.13889
627.08333,874.63888
636.40503,858.95583
632.78003,847.20583
619.53003,841.08083
606.53003,844.33083
599.03003,856.58083
597.28003,867.70583
C

-color
t
77,88,69
SPL
616.94643,757.53571
623.94643,767.03571
633.94643,768.28571
645.69643,760.03571
653.44643,746.78571
663.19643,730.28571
658.94643,715.03571
648.19643,706.03571
630.94643,703.78571
615.19643,698.78571
603.69643,704.03571
601.69643,720.78570
611.19643,734.28571
615.44643,741.78571
C

-color
t
109,111,64
SPL
641.55769,900.48077
603.05769,901.23077
594.80769,878.73077
596.80769,859.73077
621.05769,837.48077
645.55769,835.98077
659.05769,850.98077
661.30769,864.48077
667.05769,877.23077
681.55769,886.98077
685.80769,898.23077
677.05769,908.98077
661.55769,908.23077
C

-color
t
202,150,96
SPL
640.94643,621.53571
647.94643,631.03571
657.94643,632.28571
669.69643,624.03571
677.44643,610.78571
687.19643,594.28571
682.94643,579.03571
672.19643,570.03571
654.94643,567.78571
639.19643,562.78571
627.69643,568.03571
625.69643,584.78570
635.19643,598.28571
639.44643,605.78571
C

-color
t
77,88,69
SPL
648.82500,827.82500
657.82500,848.07500
685.32500,848.57500
699.32500,830.07500
690.82500,808.07500
691.07500,777.07500
670.07500,766.07500
645.32500,773.32500
635.82500,786.32500
639.57500,802.32500
C

-color
t
202,150,96
SPL
672.94643,741.53571
679.94643,751.03571
689.94643,752.28571
701.69643,744.03571
709.44643,730.78571
719.19643,714.28571
714.94643,699.03571
704.19643,690.03571
686.94643,687.78571
671.19643,682.78571
659.69643,688.03571
657.69643,704.78570
667.19643,718.28571
671.44643,725.78571
C

-color
t
109,111,64
SPL
673.08333,651.63895
682.33333,655.13895
699.08333,650.63895
708.40503,634.95589
704.78003,623.20589
691.53003,617.08089
678.53003,620.33089
671.03003,632.58089
669.28003,643.70589
C

-color
t
77,88,69
SPL
715.63333,938.43333
732.63333,925.93333
742.13333,909.18334
745.63333,887.93333
737.88333,875.18333
722.13333,860.18333
710.38333,852.18333
687.88333,855.43333
681.88333,867.93333
684.38333,880.68334
694.13333,889.18333
700.88333,897.93334
699.13333,911.18333
694.88333,928.43333
700.63333,937.43333
C

-color
t
202,150,96
SPL
758.91667,896.93750
761.41667,913.43750
773.16667,923.18750
799.91667,920.68750
809.16667,900.43750
796.91667,884.18750
773.66667,870.18750
761.16667,856.43750
745.16667,850.93750
735.66667,857.93750
736.41667,869.93750
751.16667,882.93750
C

-color
t
109,111,64
SPL
791.60300,873.72059
801.35300,880.22059
814.60300,886.22059
831.60300,882.97059
839.35300,871.97059
837.60300,858.22059
827.10300,842.72059
827.35300,820.72059
821.85300,807.22059
812.35300,803.97059
802.60300,808.72059
795.60300,818.22059
783.60300,825.47059
776.10300,840.97059
773.10300,850.97059
777.60300,861.47059
784.60300,868.47059
C

-color
t
202,150,96
SPL
817.08327,715.63887
826.33327,719.13887
843.08327,714.63887
852.40497,698.95581
848.77997,687.20581
835.52997,681.08081
822.52997,684.33081
815.02997,696.58081
813.27997,707.70581
C

-color
t
77,88,69
SPL
840.19318,873.81818
834.19318,886.81819
834.94318,901.31818
841.69318,911.81818
854.69318,914.81818
870.69318,906.81818
875.44318,897.31818
871.69318,884.31819
866.19318,876.31818
864.19318,869.56818
862.69318,862.06819
860.94318,847.31818
863.94318,835.31819
863.94318,824.31818
857.19318,816.31818
843.94318,814.31818
836.94318,819.56818
836.44318,829.56818
842.69318,839.31819
848.19318,846.81818
849.19318,856.56818
846.19318,865.06819
C

-color
t
202,150,96
SPL
851.54167,707.25000
851.04167,724.25000
866.54167,735.50000
883.79167,726.00000
884.54167,708.25000
879.04167,691.50000
886.04167,671.50000
879.04167,656.75000
866.54167,654.50000
856.54167,660.75000
854.04167,675.50000
857.29167,689.50000
C

-color
t
109,111,64
SPL
858.25000,610.50000
849.00000,599.75000
842.50000,587.75000
848.75000,569.00000
871.50000,565.25000
886.50000,571.50000
891.50000,590.50000
900.00000,605.00000
900.25000,624.25000
896.25000,643.50000
875.75000,654.75000
859.00000,657.00000
850.00000,649.50000
849.25000,637.75000
854.25000,628.50000
859.25000,620.50000
C

-color
t
202,150,96
SPL
875.65796,902.50000
866.65796,920.00000
868.40796,934.25000
881.90796,944.50000
898.40796,948.25000
918.15796,942.50000
930.65796,931.75000
934.90796,920.75000
926.65796,904.50000
914.65796,896.50000
906.15796,880.25000
903.15796,861.75000
902.90796,839.25000
892.15796,831.75000
872.65796,838.50000
865.40796,855.00000
868.65796,864.75000
878.65796,877.00000
879.40796,892.75000
C

-color
t
109,111,64
SPL
905.08327,787.63888
914.33327,791.13889
931.08327,786.63888
940.40497,770.95583
936.77997,759.20583
923.52997,753.08083
910.52997,756.33083
903.02997,768.58083
901.27997,779.70583
C

-color
t
202,150,96
SPL
921.09091,899.86364
917.59091,882.86364
917.59091,870.61364
921.84091,860.86364
934.84091,852.61365
946.84091,856.61365
951.09091,867.61365
949.34091,878.86364
950.84091,892.11364
946.34091,903.11364
930.34091,907.61364
C

-color
t
77,88,69
SPL
950.80775,901.73077
956.55775,917.48078
974.80775,920.23078
989.05775,911.73078
997.30775,903.23077
1012.05775,897.48078
1019.05775,887.48077
1015.80775,876.23078
1002.55775,869.23078
985.05775,871.48078
970.80775,870.23078
961.30775,876.48078
957.30775,888.23077
C

-color
t
202,150,96
SPL
1001.08333,675.63884
1010.33333,679.13884
1027.08333,674.63884
1036.40503,658.95578
1032.78003,647.20578
1019.53003,641.08078
1006.53003,644.33078
999.03003,656.58078
997.28003,667.70578
C

-color
t
109,111,64
SPL
988.97223,666.45829
998.97223,685.70829
1011.97223,687.95829
1023.97223,682.95829
1035.97223,679.95829
1044.97223,682.70829
1056.22223,685.95829
1067.72223,682.20829
1072.22223,672.95829
1069.22223,660.45829
1063.22223,647.20829
1056.72223,636.20829
1039.72223,633.95829
1027.22223,636.70829
1013.22223,641.20829
999.72223,641.45829
990.22223,646.95829
986.47223,655.20829
C

-color
t
77,88,69
SPL
1008.41667,617.61667
1020.91667,630.86667
1039.16667,630.36667
1047.41667,620.61667
1052.16667,608.86667
1064.91667,599.36667
1068.66667,591.36667
1067.41667,578.36667
1056.91667,570.36667
1037.66667,572.61667
1021.91667,569.36667
1012.66667,569.86667
996.41667,575.36667
984.66667,592.86667
990.66667,609.61667
C

-color
t
202,150,96
SPL
1019.65790,902.50000
1010.65790,920.00000
1012.40790,934.25000
1025.90790,944.50000
1042.40790,948.25000
1062.15790,942.50000
1074.65790,931.75000
1078.90790,920.75000
1070.65790,904.50000
1058.65790,896.50000
1050.15790,880.25000
1047.15790,861.75000
1046.90790,839.25000
1036.15790,831.75000
1016.65790,838.50000
1009.40790,855.00000
1012.65790,864.75000
1022.65790,877.00000
1023.40790,892.75000
C

-color
t
109,111,64
SPL
1036.06250,773.12500
1059.56250,773.37500
1077.56250,769.12500
1103.31250,756.12500
1100.81250,726.37500
1105.56250,697.12500
1075.31250,682.87500
1062.56250,695.87500
1056.06250,718.37500
1041.31250,724.87500
1029.31250,737.12500
1026.06250,751.62500
C

-color
t
202,150,96
SPL
1057.08333,843.63892
1066.33333,847.13892
1083.08333,842.63892
1092.40503,826.95586
1088.78003,815.20586
1075.53003,809.08086
1062.53003,812.33086
1055.03003,824.58086
1053.28003,835.70586
C

-color
t
77,88,69
SPL
1073.09091,667.86364
1069.59091,650.86364
1069.59091,638.61364
1073.84091,628.86364
1086.84091,620.61365
1098.84091,624.61365
1103.09091,635.61365
1101.34091,646.86364
1102.84091,660.11364
1098.34091,671.11364
1082.34091,675.61364
C

-color
t
202,150,96
SPL
1066.71875,868.95313
1047.21875,859.95313
1048.46875,825.45313
1067.46875,803.20313
1094.96875,800.70313
1103.71875,817.20313
1101.21875,837.45313
1098.46875,855.45313
1106.96875,871.70313
1121.21875,878.95313
1128.21875,889.20313
1124.21875,901.70313
1108.46875,908.20313
1098.46875,904.70313
1093.71875,894.70313
1087.71875,877.20313
C

-color
t
109,111,64
SPL
1125.68479,912.91304
1127.18478,925.91304
1132.93478,936.16304
1147.68478,940.91304
1155.93478,940.16304
1169.43479,936.16304
1178.68478,927.91304
1183.43478,917.41304
1182.93478,903.41304
1178.18478,893.16304
1171.18479,887.16304
1152.43478,882.66304
1143.43479,872.66304
1140.18479,861.91304
1127.93478,836.66304
1109.93478,835.66304
1100.93478,846.66304
1102.43478,859.41304
1108.68478,868.16304
1117.68479,873.66304
1127.43478,879.91304
1131.18478,888.41304
1130.68478,901.16304
C

-color
t
77,88,69
SPL
1185.08333,891.63888
1194.33333,895.13889
1211.08333,890.63888
1220.40503,874.95583
1216.78003,863.20583
1203.53003,857.08083
1190.53003,860.33083
1183.03003,872.58083
1181.28003,883.70583
C

-color
t
109,111,64
SPL
1192.51786,731.78571
1201.01786,740.03571
1214.01786,745.03571
1226.01786,744.28571
1237.51786,735.53571
1237.51786,721.28571
1228.51786,710.28571
1221.01786,696.53571
1210.26786,686.28571
1197.76786,687.78571
1180.51786,693.28571
1172.26786,707.28571
1175.51786,717.53571
1183.76786,726.03571
C

-color
t
202,150,96
SPL
1195.72058,905.54412
1182.47059,897.04412
1178.72059,880.29412
1182.47059,863.29412
1190.47059,847.79412
1219.97059,833.54412
1250.47059,828.79412
1268.47059,847.04412
1264.97059,865.79412
1253.97059,879.29412
1246.72059,889.29412
1242.72059,906.04412
1239.97058,920.04412
1230.72059,929.79412
1214.97058,932.54412
1206.47059,924.79412
1202.47059,914.04412
C

-color
t
77,88,69
SPL
1214.91667,664.93750
1217.41667,681.43750
1229.16667,691.18750
1255.91667,688.68750
1265.16667,668.43750
1252.91667,652.18750
1229.66667,638.18750
1217.16667,624.43750
1201.16667,618.93750
1191.66667,625.93750
1192.41667,637.93750
1207.16667,650.93750
C

-color
t
202,150,96
SPL
1248.19318,769.81818
1242.19318,782.81819
1242.94318,797.31818
1249.69318,807.81818
1262.69318,810.81818
1278.69318,802.81818
1283.44318,793.31818
1279.69318,780.31819
1274.19318,772.31818
1272.19318,765.56818
1270.69318,758.06819
1268.94318,743.31818
1271.94318,731.31819
1271.94318,720.31818
1265.19318,712.31818
1251.94318,710.31818
1244.94318,715.56818
1244.44318,725.56818
1250.69318,735.31819
1256.19318,742.81818
1257.19318,752.56818
1254.19318,761.06819
C

-color
t
109,111,64
SPL
1247.86363,620.86364
1246.36363,634.86364
1255.36363,650.86364
1279.86363,652.36364
1291.11363,635.61364
1290.86363,610.61364
1281.11363,582.36364
1253.36363,566.36364
1237.11363,577.61364
1237.61363,593.11364
1246.61363,604.86364
C

-color
t
77,88,69
SPL
1261.05357,880.91071
1252.55357,905.41071
1264.05357,921.66071
1280.80357,930.91071
1293.55357,929.91071
1303.05357,922.41071
1304.55357,909.16071
1301.80357,899.41071
1302.55357,888.41071
1309.55357,875.91071
1310.55357,861.16071
1302.05357,852.91071
1284.05357,855.91071
1265.80357,865.16071
C

-color
t
202,150,96
SPL
1273.08333,835.63888
1282.33333,839.13889
1299.08333,834.63888
1308.40503,818.95583
1304.78003,807.20583
1291.53003,801.08083
1278.53003,804.33083
1271.03003,816.58083
1269.28003,827.70583
C

-color
t
109,111,64
SPL
1273.08333,755.63888
1282.33333,759.13889
1299.08333,754.63888
1308.40503,738.95583
1304.78003,727.20583
1291.53003,721.08083
1278.53003,724.33083
1271.03003,736.58083
1269.28003,747.70583
C

-color
t
202,150,96
SPL
1260.88637,702.84091
1271.63637,716.34091
1288.63637,715.59091
1295.13637,703.84091
1297.88637,687.09091
1308.13637,678.59091
1326.13637,675.34091
1337.13637,660.34091
1329.63637,644.84091
1295.88637,650.84091
1265.13637,674.84091
C

-color
t
77,88,69
SPL
1313.08333,779.63888
1322.33333,783.13889
1339.08333,778.63888
1348.40503,762.95583
1344.78003,751.20583
1331.53003,745.08083
1318.53003,748.33083
1311.03003,760.58083
1309.28003,771.70583
C

-color
t
202,150,96
SPL
1316.31250,889.82813
1311.06250,906.32813
1311.56250,921.57813
1322.56250,928.57813
1338.06250,927.32813
1346.31250,918.82813
1350.31250,907.32813
1361.06250,899.07813
1374.06250,897.82813
1386.81250,890.82813
1388.81250,877.32813
1376.56250,865.32813
1350.31250,865.82813
1331.81250,860.07813
1319.06250,865.07813
1314.31250,877.32813
C

-color
t
109,111,64
SPL
1393.08333,899.63888
1402.33333,903.13889
1419.08333,898.63888
1428.40503,882.95583
1424.78003,871.20583
1411.53003,865.08083
1398.53003,868.33083
1391.03003,880.58083
1389.28003,891.70583
C

REC
0,300
300,600
-color
t
202,150,96
SPL
-21.67314,601.96153
-30.42314,615.96153
-27.67314,632.71153
-20.67314,653.21153
7.82686,656.46153
33.32686,654.71153
37.82686,631.46153
22.82686,612.46153
25.82686,586.71153
17.57686,564.71153
4.07686,555.46153
-12.17314,564.21153
-15.42314,584.96153
C

-color
t
109,111,64
SPL
37.76667,566.91667
30.76667,588.16667
26.51667,605.16667
32.76667,619.16667
43.26667,627.16667
55.26667,634.66667
63.76667,649.16667
71.26667,664.16667
87.51667,670.66667
108.51667,651.16667
84.76667,612.16667
82.51667,597.91667
82.01667,583.41667
74.51667,567.41667
58.76667,561.91667
C

-color
t
202,150,96
SPL
141.16666,594.81250
125.16667,569.06250
104.16666,571.81250
93.16666,582.06250
92.16666,598.31250
99.66666,613.06250
115.16667,621.81250
124.16667,645.31250
137.16666,652.81250
149.16666,646.31250
150.66666,630.56250
140.16666,614.06250
C

-color
t
77,88,69
SPL
160.36539,605.13461
152.36539,616.13461
153.36539,633.38461
165.11539,642.38461
179.36539,655.88461
204.11539,653.63461
209.61539,633.63461
198.86539,617.38461
198.86539,599.13461
195.61539,580.13461
183.86539,570.13461
170.11539,573.88461
164.11539,587.88461
C

-color
t
202,150,96
SPL
227.48438,570.64063
247.23438,560.39063
263.73438,569.14063
266.98438,584.14063
265.98438,607.14063
276.73438,620.39063
289.48438,654.39063
276.73438,664.14063
258.23438,656.64063
252.73438,643.14063
243.23438,628.39063
221.48438,625.64063
211.48438,621.14063
205.23438,606.39063
201.48438,591.89063
209.23438,575.89063
C

-color
t
202,150,96
SPL
252.98684,317.22368
242.23684,334.97369
217.73684,336.22369
196.23684,320.47368
189.48685,304.97369
190.73684,273.22368
204.23684,264.72368
221.48684,261.72368
238.73684,265.97368
249.98684,268.22368
261.98684,272.72368
274.73685,271.22368
286.23685,265.47368
301.48685,266.72368
309.73685,279.22369
303.48684,295.47368
288.98684,300.22369
276.23684,304.47369
264.73684,308.22368
C

-color
t
77,88,69
SPL
89.25006,328.35416
109.75006,327.85416
119.25006,315.10416
127.00006,287.10417
122.75006,250.35416
107.75006,240.60416
80.00006,244.60416
74.50006,266.60416
71.75006,287.35417
58.50006,299.60417
53.75006,313.10416
66.75006,327.85416
C

-color
t
202,150,96
SPL
13.31256,299.64063
36.56256,300.39063
55.56256,295.64063
62.31256,280.64063
60.31256,262.89063
48.06256,253.89063
30.56256,250.89063
14.56256,258.14063
-5.68744,265.14063
-15.68744,281.64063
-23.43744,288.89063
-41.18744,298.14063
-46.43744,317.64063
-31.93744,341.89063
-11.43744,338.64063
1.06256,318.14063
C

-color
t
202,150,96
SPL
30.68750,540.64583
44.18750,554.14583
62.68750,555.14583
75.93750,546.64583
85.18750,533.39583
80.43750,516.14583
58.93750,505.89583
13.43750,501.39583
-14.31250,511.89583
-13.81250,531.39583
-1.06250,539.64583
15.43750,537.39583
C

-color
t
77,88,69
SPL
-3.64999,471.36003
-3.64999,486.11003
1.60001,495.86003
9.85000,499.11003
19.85000,497.11003
28.35001,489.61003
34.85001,477.86003
43.60000,468.86003
55.35001,468.36003
65.10000,476.36003
73.10001,488.61003
85.10001,493.36003
95.10001,489.11003
100.60001,479.61003
99.85001,469.86003
96.60001,456.61003
84.35001,443.86003
64.85000,443.11003
48.35001,441.36003
34.35001,446.86003
20.85000,443.11003
9.35000,439.36003
-1.39999,442.36003
-6.64999,452.36003
-5.64999,463.11003
C

-color
t
77,88,69
SPL
-0.02777,418.45833
9.97223,437.70834
22.97223,439.95834
34.97223,434.95834
46.97223,431.95834
55.97223,434.70834
67.22223,437.95834
78.72223,434.20834
83.22223,424.95833
80.22223,412.45834
74.22223,399.20833
67.72223,388.20834
50.72223,385.95834
38.22223,388.70834
24.22223,393.20834
10.72223,393.45834
1.22223,398.95833
-2.52777,407.20833
C

-color
t
202,150,96
SPL
-7.44444,369.83333
-1.44444,384.33334
14.05556,392.08334
29.05556,388.33334
37.80556,373.58333
53.05556,360.08333
69.30556,363.83333
86.55556,367.08333
95.05556,360.33333
95.05556,342.83333
81.30556,333.33334
61.55556,333.33334
50.55556,345.58333
38.80556,354.33333
25.30556,350.08333
13.55556,340.33334
-1.44444,340.83334
-11.44444,352.83333
C

-color
t
202,150,96
SPL
81.80769,549.73077
87.55769,565.48078
105.80769,568.23078
120.05769,559.73078
128.30769,551.23077
143.05769,545.48078
150.05769,535.48077
146.80769,524.23078
133.55769,517.23078
116.05769,519.48078
101.80769,518.23078
92.30769,524.48078
88.30769,536.23077
C

-color
t
109,111,64
SPL
89.96875,418.90625
82.46875,405.40625
79.21875,395.40625
80.46875,385.40625
85.71875,376.15625
96.21875,370.40625
104.49335,370.92312
110.15021,376.75675
113.86252,386.12592
117.57483,394.61120
126.23689,399.91450
135.95961,400.71000
147.89203,403.27326
153.81405,409.63722
153.10695,419.27155
146.38943,428.64071
138.25771,443.48996
136.21875,453.90625
127.96875,463.40625
114.96875,464.65625
106.46875,459.90625
103.71875,450.65625
105.21875,438.15625
102.21875,429.15625
C

-color
t
109,111,64
SPL
123.82500,379.82500
132.82500,400.07500
160.32500,400.57500
174.32500,382.07500
165.82500,360.07500
166.07500,329.07500
145.07500,318.07500
120.32500,325.32500
110.82500,338.32500
114.57500,354.32500
C

-color
t
77,88,69
SPL
144.60007,508.23334
159.35007,516.98334
173.85007,515.98334
182.60007,504.23334
181.85007,491.23334
182.60007,482.73334
188.10007,466.98334
182.10007,451.23334
163.35007,448.48334
148.60007,460.98334
134.60007,465.23334
117.35007,471.73334
110.85007,490.23334
112.85007,502.23334
128.85007,510.48334
C

-color
t
77,88,69
SPL
132.16661,305.72917
156.91661,312.22917
169.16661,301.22917
175.91661,283.47917
189.91661,275.22917
199.41661,259.72917
182.91661,231.47917
154.16661,231.47917
145.91661,247.72917
146.66661,261.22917
136.91661,276.97917
128.66661,290.47917
C

-color
t
202,150,96
SPL
164.08333,443.63885
173.33333,447.13885
190.08333,442.63885
199.40503,426.95580
195.78003,415.20580
182.53003,409.08080
169.53003,412.33080
162.03003,424.58080
160.28003,435.70580
C

-color
t
202,150,96
SPL
164.79167,558.16667
177.54167,559.41667
193.79167,559.91667
204.79167,549.66667
215.79167,538.16667
221.79167,518.41667
212.79167,502.91667
192.54167,504.91667
180.54167,515.41667
163.79167,520.66667
156.29167,530.91667
153.29167,546.66667
C

-color
t
109,111,64
SPL
179.59745,374.39088
172.26122,364.04944
167.78947,343.50000
181.01167,325.24695
197.62868,327.36827
203.81587,337.35616
204.78814,351.14474
213.36181,361.75134
228.56461,366.34754
237.04989,377.39608
234.28947,388.75000
225.28947,395.00000
215.53948,400.25000
208.03947,409.00000
195.78947,412.75000
184.81237,407.35973
181.36522,399.31639
181.45361,392.86404
182.24911,385.43942
C

-color
t
109,111,64
SPL
201.48438,462.84378
195.48438,484.09378
199.23438,498.84378
220.98438,508.84378
237.98438,506.59378
247.48438,501.84378
255.48438,491.84378
258.23438,476.09378
251.48438,467.34378
239.73438,459.34378
233.48438,449.09378
229.48438,438.09378
220.23438,430.34378
208.23438,431.09378
200.48438,439.84378
199.73438,450.34378
C

-color
t
202,150,96
SPL
228.09091,555.86364
224.59091,538.86364
224.59091,526.61364
228.84091,516.86364
241.84091,508.61365
253.84091,512.61365
258.09091,523.61365
256.34091,534.86364
257.84091,548.11364
253.34091,559.11364
237.34091,563.61364
C

-color
t
202,150,96
SPL
244.61112,445.99997
252.61111,464.24997
267.36112,471.49997
281.86111,461.24997
283.61111,434.74997
274.86111,419.24997
248.11112,405.99997
230.36111,416.49997
231.86111,432.74997
C

-color
t
77,88,69
SPL
244.08333,387.63888
253.33333,391.13889
270.08333,386.63888
279.40503,370.95583
275.78003,359.20583
262.53003,353.08083
249.53003,356.33083
242.03003,368.58083
240.28003,379.70583
C

-color
t
77,88,69
SPL
239.75000,382.32813
247.75000,402.82813
264.00000,407.07813
279.00000,397.82813
292.25000,391.82813
306.25000,396.57813
318.50000,398.32813
331.50000,389.57813
333.00000,373.32813
318.50000,361.82813
300.50000,349.07813
290.25000,333.32813
272.00000,330.57813
250.75000,337.82813
231.75000,355.32813
231.50000,367.82813
C

-color
t
202,150,96
SPL
270.54167,571.25000
270.04167,588.25000
285.54167,599.50000
302.79167,590.00000
303.54167,572.25000
298.04167,555.50000
305.04167,535.50000
298.04167,520.75000
285.54167,518.50000
275.54167,524.75000
273.04167,539.50000
276.29167,553.50000
C

-color
t
202,150,96
SPL
255.88637,502.84091
266.63637,516.34091
283.63637,515.59091
290.13637,503.84091
292.88637,487.09091
303.13637,478.59091
321.13637,475.34091
332.13637,460.34091
324.63637,444.84091
290.88637,450.84091
260.13637,474.84091
C

REC
300,300
1500,600
-color
t
202,150,96
SPL
454.38722,760.01961
465.38722,779.76961
483.13722,790.26961
527.13722,782.01961
553.63722,763.76961
554.13722,742.26961
541.88722,732.76961
514.88722,729.26961
502.88722,712.51961
504.13722,693.76961
512.63722,679.01961
540.38722,665.51961
555.38722,634.26961
555.88722,605.51961
539.88722,593.76961
513.38722,583.76961
474.63722,591.01961
464.13722,577.01961
465.88722,547.76961
493.13722,537.51961
523.38722,530.76961
527.63722,505.76961
518.88722,491.51961
501.88722,482.76961
485.88722,459.51961
488.88722,437.01961
483.88722,415.76961
461.38722,404.76961
431.38722,407.76961
422.13722,424.76961
426.13722,444.01961
438.13722,463.51961
452.63722,478.26961
451.38722,499.76961
434.38722,510.26961
422.88722,520.01961
413.88722,535.76961
410.63722,551.76961
415.63722,575.76961
424.13722,593.26961
446.38722,609.01961
470.13722,615.76961
492.13722,624.26961
494.88722,640.76961
485.13722,651.26961
467.38722,660.76961
449.63722,668.76961
447.63722,695.26961
463.38722,708.51961
470.13722,726.26961
465.38722,739.26961
C

-color
t
109,111,64
SPL
569.63333,808.58749
551.13333,816.08749
535.13333,820.58749
525.38333,814.08749
522.88333,801.83749
526.63333,788.83749
548.88333,780.58749
565.38333,771.33749
569.13333,756.83749
560.63333,742.58749
548.63333,730.83749
527.38333,721.83749
522.63333,699.08749
530.63333,682.08749
546.88333,673.33749
572.88333,653.58749
585.63333,634.83749
583.88333,611.33749
561.38333,595.33749
562.63333,567.83749
573.13333,549.58749
565.38333,530.58749
543.13333,520.58749
538.38333,493.83749
540.63333,474.83749
557.13333,460.58749
569.88333,438.58749
556.63333,420.58749
534.88333,409.83749
523.63333,388.33749
528.13333,361.58749
539.88333,342.83749
574.63333,334.58749
597.88333,345.58749
602.13333,362.08749
601.13333,380.33749
604.13333,396.08749
618.63333,414.58749
623.38333,432.33749
619.88333,454.33749
605.38333,467.58749
599.38333,486.33749
600.38333,501.83749
608.63333,515.33749
626.13333,531.83749
628.13333,556.08749
623.38333,575.83750
621.63333,594.83749
633.63333,610.08749
637.63333,633.08749
620.13333,656.08749
616.38333,683.08749
603.63333,700.08749
598.63333,717.58749
609.88333,735.83749
615.63333,762.33749
634.13333,783.83749
629.38333,804.83749
616.38333,818.58749
591.88333,812.83749
C

-color
t
77,88,69
SPL
736.75752,783.88434
730.00752,803.38434
730.75752,822.38434
746.00752,834.13434
771.75752,834.88434
782.75752,814.63434
787.00752,796.38434
799.00752,786.13434
816.25752,790.63434
825.75752,800.38434
838.75752,804.63434
852.75752,797.63434
863.25752,781.13434
870.00752,759.13434
861.75752,743.63434
835.00752,731.88434
813.50752,727.63434
799.00752,721.38434
795.75752,705.38434
800.75752,688.88434
816.75752,680.63434
835.75752,672.88434
845.00752,636.88434
851.75752,618.13434
841.75752,602.13434
827.75752,595.63434
807.75752,595.63434
795.75752,583.38434
796.50752,559.38434
804.00752,537.88434
824.75752,533.13434
846.75752,527.38434
857.50752,506.38434
839.50752,480.88434
807.75752,483.13434
774.50752,498.63434
756.75752,489.88434
750.75752,460.38434
749.75752,424.88434
772.00752,406.38434
799.50752,403.88434
812.00752,380.63434
802.75752,344.88434
767.75752,330.63434
744.25752,337.13434
731.00752,354.88434
721.25752,368.88434
721.50752,387.38434
710.50752,400.63434
700.00752,416.13434
697.25752,433.13434
694.25752,456.63434
707.75752,472.38434
714.50752,496.88434
732.50752,515.88434
746.00752,527.63434
747.25752,542.13434
735.00752,570.63434
736.50752,591.13434
747.50752,609.38434
753.00752,632.63434
765.00752,648.13434
763.00752,665.88434
746.50752,679.13434
734.25752,710.88434
742.00752,737.13434
753.00752,763.88434
C

-color
t
202,150,96
SPL
999.09036,843.32230
1009.09036,824.57230
1028.09036,818.07230
1044.59036,818.32230
1058.59036,810.57230
1059.09036,787.82230
1046.09036,779.57230
1023.84036,771.32230
1016.34036,755.57230
1024.84036,741.07230
1036.84036,727.57230
1036.09036,711.57230
1020.09036,696.82230
995.84036,697.82230
986.59036,705.82230
981.09036,716.57230
970.59036,726.07230
953.84036,725.57230
946.09036,719.07230
942.84036,707.57230
946.59036,692.32230
952.59036,677.82230
971.84036,668.32230
985.59036,649.82230
988.59036,626.32229
988.84036,610.07230
982.84036,588.82230
988.09036,568.57229
1003.34036,551.07230
1027.34036,538.57230
1057.59036,515.32230
1063.34036,486.57230
1078.59036,462.82230
1076.59036,443.57230
1058.84036,427.82230
1045.34036,424.07230
1031.34036,437.57230
1022.09036,453.07230
1010.34036,457.82230
1000.59036,450.07230
998.59036,430.57230
997.59036,414.32230
997.84036,402.57230
997.59036,386.82230
1000.34036,355.57230
980.84036,344.32230
954.09036,356.07230
943.09036,369.32230
934.59036,388.57230
940.34036,404.32230
939.84036,420.32230
919.84036,435.07230
915.59036,444.07230
914.84036,456.07230
920.84036,463.82230
935.84036,469.57230
957.09036,474.32230
979.59036,472.82230
995.59036,476.57230
1001.34036,487.32230
997.59036,499.32230
988.34036,504.82230
971.84036,509.07230
953.59036,517.57230
949.34036,540.07230
936.34036,563.07230
939.84036,583.82229
944.59036,602.82229
932.84036,618.07229
916.34036,628.07229
914.09036,652.82230
908.34036,679.07230
909.84036,711.32230
912.09036,729.57230
917.59036,739.57230
933.84036,748.57230
949.84036,764.82230
954.34036,787.57230
949.09036,800.82230
945.59036,813.57230
949.59036,832.82230
964.09036,849.57230
981.09036,853.57230
C

-color
t
109,111,64
SPL
1144.25000,810.33841
1134.00000,825.58841
1137.75000,842.08841
1168.50000,854.58841
1190.50000,842.33841
1197.75000,827.58841
1187.50000,807.33841
1185.00000,795.08841
1194.00000,782.83841
1214.75000,781.33841
1229.75000,783.58841
1241.00000,776.83841
1239.75000,757.33841
1226.50000,749.83841
1202.50000,747.58841
1182.25000,752.58841
1168.00000,744.08841
1160.75000,733.33841
1155.00000,721.08841
1156.50000,709.08841
1160.75000,694.58841
1172.75000,688.08841
1193.75000,687.08841
1204.75000,675.58841
1202.75000,662.08841
1191.00000,657.08841
1167.50000,653.33841
1160.00000,638.08841
1172.25000,622.58841
1206.25000,617.08841
1224.00000,608.33841
1230.50000,598.83841
1234.25000,580.58841
1234.75000,569.58841
1237.75000,536.83841
1255.00000,521.08841
1259.75000,495.83841
1245.75000,482.58841
1225.50000,475.08841
1222.75000,438.08841
1238.00000,418.58841
1257.00000,402.58841
1256.00000,384.83841
1239.50000,377.08841
1222.00000,386.58841
1206.00000,393.08841
1190.50000,384.83841
1182.25000,359.33841
1167.75000,352.83841
1157.25000,359.33841
1154.75000,372.58841
1161.75000,384.08841
1167.00000,394.83841
1165.75000,407.08841
1158.25000,416.33841
1153.75000,425.33841
1153.75000,432.33841
1159.25000,439.83841
1171.00000,445.58841
1181.75000,456.58841
1186.00000,466.08841
1183.75000,486.08841
1175.75000,499.58841
1168.25000,509.08841
1152.50000,523.58841
1154.50000,541.83841
1158.25000,552.08841
1164.75000,564.83841
1160.50000,579.58841
1157.75000,596.83841
1146.25000,606.83841
1126.00000,610.83841
1106.25000,631.33841
1111.75000,648.33841
1121.50000,661.33841
1122.50000,678.08841
1113.50000,698.08841
1107.75000,723.83841
1118.00000,742.33841
1132.25000,753.58841
1142.25000,778.58841
1150.00000,792.08841
C

-color
t
202,150,96
SPL
1414.83018,847.82074
1376.08018,857.57074
1342.08018,856.07074
1321.33018,842.07074
1321.08018,825.57074
1342.33018,806.32074
1364.58018,789.57074
1367.83018,769.57074
1357.08018,755.32074
1343.08018,746.07074
1337.08018,725.07074
1334.08018,703.07074
1347.08018,687.07074
1368.58018,675.07074
1377.33018,643.07074
1374.33018,625.57074
1354.08018,608.82074
1333.33018,601.07074
1313.08018,565.57074
1311.58018,537.57074
1338.08018,521.82074
1359.58018,516.07074
1379.08018,479.82074
1377.08018,464.57074
1365.08018,446.82074
1352.83018,433.57074
1336.08018,406.07074
1322.83018,385.07074
1332.58018,364.57074
1365.33018,334.82074
1389.58018,336.82074
1407.83018,354.07074
1416.08018,382.07074
1410.08018,399.32074
1411.33018,419.82074
1421.83018,434.82074
1431.33018,453.32074
1425.83018,475.07074
1430.08018,490.32074
1427.83018,515.07074
1414.08018,530.07074
1404.33018,546.07074
1404.08018,566.82074
1414.83018,593.82074
1430.58018,612.82074
1427.58018,638.07074
1418.58018,667.07074
1425.58018,689.07074
1422.08018,721.07074
1410.33018,740.82074
1422.33018,772.82074
1419.08018,804.32074
1424.08018,828.57074
C

-color
t
77,88,69
SPL
633.67924,335.53767
638.17924,359.03767
652.42924,371.28767
671.42924,374.53767
690.17924,373.78767
699.17924,359.78767
699.67924,347.78767
693.92924,327.78767
687.42924,312.28767
677.67924,302.28767
662.67924,295.03767
645.67924,292.28767
632.67924,284.78767
628.42924,271.53767
627.92924,257.78767
633.17924,246.53767
650.17924,236.78767
690.67924,224.53767
705.92924,216.03767
725.92924,208.03767
740.67924,193.03767
748.92924,175.78767
751.17924,160.28767
746.92924,146.03767
733.67924,136.03767
728.42924,119.78767
734.42924,102.28767
746.67924,89.03767
749.17924,76.28767
738.67924,60.53767
723.17924,51.03767
716.92924,38.28767
700.17924,19.78767
678.42924,26.03767
672.42924,35.78767
676.67924,51.03767
689.42924,60.78767
704.17924,76.03767
701.92924,92.78767
698.67924,106.03767
687.67924,126.78767
680.17924,145.78767
681.17924,164.28767
682.17924,177.78767
675.67924,187.78767
655.67924,197.78767
632.67924,196.28767
609.92924,211.03767
600.67924,230.78767
600.42924,252.28767
596.42924,274.28767
602.42924,297.78767
617.92924,320.03767
C

-color
t
202,150,96
SPL
835.20313,321.99994
840.70313,339.74994
853.45313,348.99994
886.95313,353.74994
909.70313,344.49994
923.95313,335.99994
933.20313,319.99994
931.45313,301.24994
911.70313,288.74994
886.95313,277.24994
873.95313,260.49994
872.20313,241.74994
885.70313,221.99994
910.45313,212.49994
931.95313,216.99994
954.70313,213.49994
968.70313,181.99994
956.20313,170.24994
919.95313,182.99994
900.20313,188.24994
886.95313,180.74994
880.45313,167.49994
879.70313,152.49994
902.45313,125.74994
936.95313,123.24994
946.70313,104.74994
925.45313,85.74994
892.70313,94.99994
871.95313,75.49994
851.95313,62.99994
823.20313,60.74994
813.20313,72.24994
812.95313,88.74994
833.45313,98.99994
853.95313,101.24994
863.20313,113.49994
858.45313,127.74994
847.95313,137.49994
842.70313,152.74994
847.70313,167.49994
857.95313,186.99994
854.95313,203.49994
842.95313,223.74994
833.70313,235.24994
832.45313,251.74994
845.20313,268.24994
856.95313,287.49994
846.20313,304.99994
C

-color
t
109,111,64
SPL
1032.54546,311.07381
1036.04546,324.82381
1039.04546,334.07381
1049.29546,341.32381
1062.54546,342.07381
1078.79545,338.57381
1089.54545,326.82381
1095.29545,314.82381
1094.54545,301.32381
1083.54545,289.57381
1072.54545,277.07381
1073.04545,259.07381
1081.29545,244.57381
1100.04546,241.32381
1113.04546,240.32381
1127.79546,233.82381
1136.04546,212.82381
1145.29546,193.32381
1142.04546,181.32381
1127.04546,165.82381
1104.54546,155.82381
1094.79545,138.82381
1099.54546,124.32381
1114.29546,104.07381
1121.29546,83.07381
1142.29546,71.32381
1146.04546,50.07381
1130.04546,32.82381
1090.29545,22.32381
1063.54546,41.07381
1059.04546,58.07381
1059.04546,79.82381
1060.29546,98.57381
1054.79546,119.82381
1045.54546,131.32381
1044.54546,149.32381
1058.04546,174.32381
1050.54546,195.07381
1029.54546,202.57381
1017.79546,217.07381
1015.54546,240.32381
1022.54546,258.32381
1037.79546,269.82381
1043.29546,285.82381
C

-color
t
77,88,69
SPL
1307.97549,296.21562
1316.97549,304.21562
1328.97549,316.71562
1348.47549,317.46562
1370.97549,287.21562
1365.72549,260.46562
1353.72549,250.71562
1327.97549,244.71562
1303.97549,234.71562
1289.47550,215.71562
1284.22549,199.46562
1285.22549,182.71562
1292.72550,165.96562
1310.97549,153.46562
1336.97549,146.96562
1356.72549,135.21562
1364.97549,107.71562
1356.72549,94.46562
1339.22549,76.96562
1318.22549,74.96562
1291.72550,83.96562
1271.97550,69.96562
1264.97550,53.21562
1261.97549,31.46562
1244.47549,14.46562
1223.22549,17.21562
1215.97549,31.46562
1213.22549,48.46562
1222.47549,78.71562
1242.97549,98.21562
1257.22549,110.21562
1252.47549,132.46562
1242.22549,150.21562
1226.72549,168.46562
1219.72549,194.21562
1226.22549,212.21562
1243.22549,223.96562
1254.97549,243.71562
1254.72549,261.71562
1246.97549,282.96562
1237.22549,306.71562
1227.47549,321.71562
1226.47549,342.71562
1235.47549,359.96562
1254.22549,364.96562
1268.47550,356.71562
1274.47549,342.46562
1277.47550,335.21562
1277.72550,323.96562
1282.22550,307.71562
1290.22550,297.21562
C

-color
t
77,88,69
SPL
239.75000,382.32813
247.75000,402.82813
264.00000,407.07813
279.00000,397.82813
292.25000,391.82813
306.25000,396.57813
318.50000,398.32813
331.50000,389.57813
333.00000,373.32813
318.50000,361.82813
300.50000,349.07813
290.25000,333.32813
272.00000,330.57813
250.75000,337.82813
231.75000,355.32813
231.50000,367.82813
C

-color
t
202,150,96
SPL
270.54167,571.25000
270.04167,588.25000
285.54167,599.50000
302.79167,590.00000
303.54167,572.25000
298.04167,555.50000
305.04167,535.50000
298.04167,520.75000
285.54167,518.50000
275.54167,524.75000
273.04167,539.50000
276.29167,553.50000
C

-color
t
202,150,96
SPL
255.88637,502.84091
266.63637,516.34091
283.63637,515.59091
290.13637,503.84091
292.88637,487.09091
303.13637,478.59091
321.13637,475.34091
332.13637,460.34091
324.63637,444.84091
290.88637,450.84091
260.13637,474.84091
C

-color
t
109,111,64
SPL
317.42308,577.25000
330.42308,591.00000
344.92308,589.75000
358.42308,584.25000
367.67308,572.00000
378.17308,549.25000
369.67308,535.75000
353.42308,532.75000
340.17308,532.50000
328.42308,531.50000
316.17308,536.75000
303.17308,545.50000
301.92308,564.00000
C

-color
t
109,111,64
SPL
298.13461,512.59615
320.63461,529.59615
339.63461,530.59615
348.38461,518.59615
350.88461,501.34615
362.88461,488.84615
375.38461,474.09615
370.88461,457.59615
350.38461,453.34615
333.63461,465.84615
323.13461,478.59615
310.13461,484.84615
297.38461,494.59615
C

-color
t
202,150,96
SPL
373.59091,671.65909
381.09091,682.40909
398.34091,687.15909
409.59091,677.40909
410.59091,659.65909
417.84091,635.15909
412.34091,598.15909
376.09091,596.90909
369.09091,614.90909
375.34091,633.90909
368.09091,652.40909
C

-color
t
202,150,96
SPL
640.94643,621.53571
647.94643,631.03571
657.94643,632.28571
669.69643,624.03571
677.44643,610.78571
687.19643,594.28571
682.94643,579.03571
672.19643,570.03571
654.94643,567.78571
639.19643,562.78571
627.69643,568.03571
625.69643,584.78570
635.19643,598.28571
639.44643,605.78571
C

-color
t
109,111,64
SPL
858.25000,610.50000
849.00000,599.75000
842.50000,587.75000
848.75000,569.00000
871.50000,565.25000
886.50000,571.50000
891.50000,590.50000
900.00000,605.00000
900.25000,624.25000
896.25000,643.50000
875.75000,654.75000
859.00000,657.00000
850.00000,649.50000
849.25000,637.75000
854.25000,628.50000
859.25000,620.50000
C

-color
t
77,88,69
SPL
1008.41667,617.61667
1020.91667,630.86667
1039.16667,630.36667
1047.41667,620.61667
1052.16667,608.86667
1064.91667,599.36667
1068.66667,591.36667
1067.41667,578.36667
1056.91667,570.36667
1037.66667,572.61667
1021.91667,569.36667
1012.66667,569.86667
996.41667,575.36667
984.66667,592.86667
990.66667,609.61667
C

-color
t
109,111,64
SPL
1247.86363,620.86364
1246.36363,634.86364
1255.36363,650.86364
1279.86363,652.36364
1291.11363,635.61364
1290.86363,610.61364
1281.11363,582.36364
1253.36363,566.36364
1237.11363,577.61364
1237.61363,593.11364
1246.61363,604.86364
C

-color
t
77,88,69
SPL
330.08333,423.63888
339.33333,427.13889
356.08333,422.63888
365.40503,406.95583
361.78003,395.20583
348.53003,389.08083
335.53003,392.33083
328.03003,404.58083
326.28003,415.70583
C

-color
t
202,150,96
SPL
334.60001,352.23334
349.35001,360.98334
363.85000,359.98334
372.60000,348.23334
371.85000,335.23334
372.60000,326.73334
378.10001,310.98334
372.10000,295.23334
353.35001,292.48334
338.60001,304.98334
324.60000,309.23334
307.35001,315.73334
300.85001,334.23334
302.85001,346.23334
318.85000,354.48334
C

-color
t
109,111,64
SPL
314.50000,587.40385
325.75000,606.15385
345.00000,607.65385
356.50000,597.65385
371.00000,588.65385
386.75000,588.65385
407.50000,577.15385
406.75000,559.15385
389.25000,544.65385
372.25000,522.90385
347.00000,529.15385
310.25000,531.90385
305.25000,570.90385
C

-color
t
202,150,96
SPL
325.75000,426.32813
333.75000,446.82813
350.00000,451.07813
365.00000,441.82813
378.25000,435.82813
392.25000,440.57813
404.50000,442.32813
417.50000,433.57813
419.00000,417.32813
404.50000,405.82813
386.50000,393.07813
376.25000,377.32813
358.00000,374.57813
336.75000,381.82813
317.75000,399.32813
317.50000,411.82813
C

-color
t
77,88,69
SPL
378.08333,495.63888
387.33333,499.13889
404.08333,494.63888
413.40503,478.95583
409.78003,467.20583
396.53003,461.08083
383.53003,464.33083
376.03003,476.58083
374.28003,487.70583
C

-color
t
202,150,96
SPL
414.03125,285.95313
410.78125,315.20313
423.78125,329.95313
434.78125,345.70313
429.53125,361.95313
408.28125,367.45313
386.53125,359.70313
378.53125,336.95313
379.28125,316.45313
378.03125,290.45313
365.03125,281.95313
351.78125,270.45313
350.28125,254.95313
363.03125,245.70313
383.03125,254.70313
392.78125,269.95313
C

-color
t
109,111,64
SPL
434.08333,335.63888
443.33333,339.13889
460.08333,334.63888
469.40503,318.95583
465.78003,307.20583
452.53003,301.08083
439.53003,304.33083
432.03003,316.58083
430.28003,327.70583
C

-color
t
77,88,69
SPL
423.53849,311.63461
429.28849,329.63461
442.78848,342.13461
469.03849,340.88461
489.03849,330.13461
493.53849,318.63461
492.28849,307.88461
477.78848,295.88461
465.78848,288.88461
457.28849,276.88461
443.53848,266.88461
423.28848,275.13461
421.28849,296.38461
C

-color
t
202,150,96
SPL
449.51783,391.78571
458.01783,400.03571
471.01783,405.03571
483.01783,404.28571
494.51783,395.53571
494.51783,381.28571
485.51783,370.28571
478.01783,356.53571
467.26783,346.28571
454.76783,347.78571
437.51783,353.28571
429.26783,367.28571
432.51783,377.53571
440.76783,386.03571
C

-color
t
109,111,64
SPL
506.08333,327.63888
515.33333,331.13889
532.08333,326.63888
541.40503,310.95583
537.78003,299.20583
524.53003,293.08083
511.53003,296.33083
504.03003,308.58083
502.28003,319.70583
C

-color
t
202,150,96
SPL
522.09091,575.86367
518.59091,558.86367
518.59091,546.61367
522.84091,536.86367
535.84091,528.61368
547.84091,532.61368
552.09091,543.61368
550.34091,554.86367
551.84091,568.11367
547.34091,579.11367
531.34091,583.61367
C

-color
t
77,88,69
SPL
497.28125,322.93750
501.03125,340.18750
529.28125,350.18750
544.03125,339.93750
557.53125,333.68750
570.53125,327.68750
575.28125,314.68750
569.53125,304.93750
559.28125,298.43750
550.53125,289.93750
544.03125,280.18750
534.28125,275.18750
517.53125,278.93750
499.78125,284.43750
492.53125,301.68750
495.53125,312.68750
C

-color
t
202,150,96
SPL
618.08333,495.63888
627.33333,499.13889
644.08333,494.63888
653.40503,478.95583
649.78003,467.20583
636.53003,461.08083
623.53003,464.33083
616.03003,476.58083
614.28003,487.70583
C

-color
t
109,111,64
SPL
619.60000,514.46667
607.85000,505.96667
605.10000,492.21667
608.10000,478.21667
621.85000,456.96667
646.85000,444.46667
667.85000,444.21667
679.60000,453.71667
680.85000,470.71667
681.60000,481.46667
678.10000,491.46667
667.35000,496.96667
653.85001,496.46667
642.60001,501.46667
633.35000,510.71667
C

-color
t
77,88,69
SPL
642.08333,543.63888
651.33333,547.13889
668.08333,542.63888
677.40503,526.95583
673.78003,515.20583
660.53003,509.08083
647.53003,512.33083
640.03003,524.58083
638.28003,535.70583
C

-color
t
202,150,96
SPL
642.60715,425.92857
648.35715,433.67857
658.35715,441.42857
672.85715,442.67857
688.10715,433.42857
690.60715,421.42857
686.35715,410.17857
684.10715,395.67857
680.60715,381.67857
671.35715,375.92857
646.35715,375.17857
628.10715,380.67857
625.10715,399.67857
636.60715,414.92857
C

-color
t
109,111,64
SPL
630.03125,530.21875
635.03125,546.71875
650.03125,552.46875
666.28125,545.46875
679.78125,541.21875
689.28125,546.21875
698.03125,552.96875
712.03125,555.21875
726.03125,542.71875
724.03125,527.21875
711.03125,516.71875
705.03125,504.96875
693.53125,498.46875
673.53125,499.71875
648.78125,502.96875
636.78125,514.96875
C

-color
t
202,150,96
SPL
690.61112,306.00000
698.61111,324.25000
713.36112,331.50000
727.86111,321.25000
729.61111,294.75000
720.86111,279.25000
694.11112,266.00000
676.36111,276.50000
677.86111,292.75000
C

-color
t
77,88,69
SPL
698.08333,607.63888
707.33333,611.13889
724.08333,606.63888
733.40503,590.95583
729.78003,579.20583
716.53003,573.08083
703.53003,576.33083
696.03003,588.58083
694.28003,599.70583
C

-color
t
202,150,96
SPL
735.80763,305.73077
741.55763,321.48078
759.80763,324.23078
774.05763,315.73078
782.30763,307.23077
797.05763,301.48078
804.05763,291.48077
800.80763,280.23078
787.55763,273.23078
770.05763,275.48078
755.80763,274.23078
746.30763,280.48078
742.30763,292.23077
C

-color
t
109,111,64
SPL
762.79167,474.16667
775.54167,475.41667
791.79167,475.91667
802.79167,465.66667
813.79167,454.16667
819.79167,434.41667
810.79167,418.91667
790.54167,420.91667
778.54167,431.41667
761.79167,436.66667
754.29167,446.91667
751.29167,462.66667
C

-color
t
77,88,69
SPL
802.09091,583.86364
798.59091,566.86364
798.59091,554.61364
802.84091,544.86364
815.84091,536.61365
827.84091,540.61365
832.09091,551.61365
830.34091,562.86364
831.84091,576.11364
827.34091,587.11364
811.34091,591.61364
C

-color
t
109,111,64
SPL
835.83327,422.98333
819.08327,417.98333
812.58327,404.48333
814.83327,384.23333
828.08327,361.48333
860.08327,351.23333
876.08328,359.48333
877.83328,380.48333
874.33327,394.73333
879.33328,406.98333
884.33328,415.48333
887.08328,429.23333
881.08328,438.73333
864.33327,439.73333
849.83327,428.23333
C

-color
t
202,150,96
SPL
869.29166,501.45830
856.29167,495.45831
850.04166,486.45831
852.79166,466.20831
869.54166,452.95831
886.04167,455.20831
894.54166,468.70831
895.29166,481.70831
895.79166,493.95831
899.04166,505.70830
897.54166,521.70830
888.54166,541.70831
881.54167,552.20831
868.29167,559.45831
856.79167,559.20831
850.29166,553.70831
846.54166,546.70831
846.04166,539.45831
849.79166,532.95831
858.04167,529.45830
868.54167,528.95830
876.79167,525.70830
880.79167,517.95830
878.79167,508.95830
C

-color
t
77,88,69
SPL
898.09097,583.86364
894.59097,566.86364
894.59097,554.61364
898.84097,544.86364
911.84097,536.61365
923.84097,540.61365
928.09097,551.61365
926.34097,562.86364
927.84097,576.11364
923.34097,587.11364
907.34097,591.61364
C

-color
t
202,150,96
SPL
914.61105,506.00000
922.61105,524.25000
937.36105,531.50000
951.86105,521.25000
953.61105,494.75000
944.86105,479.25000
918.11105,466.00000
900.36105,476.50000
901.86105,492.75000
C

-color
t
109,111,64
SPL
946.08333,327.63888
955.33333,331.13889
972.08333,326.63888
981.40503,310.95583
977.78003,299.20583
964.53003,293.08083
951.53003,296.33083
944.03003,308.58083
942.28003,319.70583
C

-color
t
77,88,69
SPL
937.61765,299.55882
941.36765,311.80882
943.36765,331.30882
956.36765,341.05882
975.36765,338.80882
988.61765,324.05882
1009.86765,318.80882
1028.11765,308.05882
1026.86765,292.55882
1011.61765,284.80882
976.61765,284.30882
963.86765,260.80882
945.11765,253.30882
925.11765,254.80882
913.61765,273.05882
917.61765,284.55882
927.86765,291.55882
C

-color
t
202,150,96
SPL
1002.09085,423.86364
998.59085,406.86364
998.59085,394.61364
1002.84085,384.86364
1015.84085,376.61365
1027.84085,380.61365
1032.09085,391.61365
1030.34085,402.86364
1031.84085,416.11364
1027.34085,427.11364
1011.34085,431.61364
C

-color
t
109,111,64
SPL
1031.87500,339.14286
1040.12500,346.39286
1051.62500,353.89286
1069.12500,350.89286
1079.37500,350.39286
1090.62500,359.14286
1091.12500,375.39286
1076.37500,388.64286
1052.87500,391.64286
1030.62500,383.89286
1015.87500,375.39286
1011.12500,361.14286
1010.87500,345.89286
1021.37500,337.39286
C

-color
t
202,150,96
SPL
1065.51786,567.78574
1074.01786,576.03574
1087.01786,581.03574
1099.01786,580.28574
1110.51786,571.53574
1110.51786,557.28574
1101.51786,546.28574
1094.01786,532.53574
1083.26786,522.28574
1070.76786,523.78574
1053.51786,529.28574
1045.26786,543.28574
1048.51786,553.53574
1056.76786,562.03574
C

-color
t
77,88,69
SPL
1074.92500,586.07503
1089.42500,601.57503
1112.17500,597.82503
1119.17500,574.32503
1130.92500,550.32503
1129.17500,531.57503
1115.67500,519.07503
1075.67500,507.32503
1053.67500,523.57503
1044.92500,554.07503
C

-color
t
202,150,96
SPL
1086.80000,448.99001
1078.55000,466.99001
1076.05000,486.74001
1082.55000,497.74001
1092.05000,505.99001
1103.55000,505.24001
1110.80000,497.99001
1110.05000,486.74001
1104.55000,473.99001
1102.05000,458.74000
1108.30000,449.74000
1116.55000,446.24001
1124.30000,443.49001
1130.55000,437.49000
1132.05000,429.24001
1126.05000,420.49001
1114.05000,417.99001
1094.80000,417.49001
1082.55000,406.24001
1062.30000,396.99001
1049.05000,405.99001
1049.05000,417.74001
1059.80000,424.99001
1077.05000,425.99001
1086.80000,432.24001
C

-color
t
109,111,64
SPL
1099.32353,307.38235
1091.82353,328.38235
1097.07353,340.38235
1109.82353,344.38235
1128.32353,344.13235
1142.32353,338.88235
1145.57353,325.63235
1138.82353,314.63235
1128.82353,306.38236
1124.32353,287.63235
1117.57353,272.13235
1106.82353,260.88235
1086.07353,256.63235
1077.32353,266.63235
1079.57353,277.13235
1088.57353,286.88235
1098.57353,296.88235
C

-color
t
77,88,69
SPL
1122.08333,487.63885
1131.33333,491.13885
1148.08333,486.63885
1157.40503,470.95580
1153.78003,459.20580
1140.53003,453.08080
1127.53003,456.33080
1120.03003,468.58080
1118.28003,479.70580
C

-color
t
202,150,96
SPL
1145.59745,298.39088
1138.26122,288.04944
1133.78947,267.50000
1147.01167,249.24695
1163.62868,251.36827
1169.81587,261.35616
1170.78814,275.14474
1179.36181,285.75134
1194.56461,290.34754
1203.04989,301.39608
1200.28947,312.75000
1191.28947,319.00000
1181.53948,324.25000
1174.03947,333.00000
1161.78947,336.75000
1150.81237,331.35973
1147.36522,323.31639
1147.45361,316.86404
1148.24911,309.43942
C

-color
t
109,111,64
SPL
1229.50000,466.02084
1241.00000,481.02084
1262.25000,481.27084
1274.00000,474.02084
1276.75000,460.77083
1276.50000,441.77083
1289.75000,424.77084
1290.50000,405.77084
1275.25000,400.02084
1242.00000,422.77084
1230.50000,440.27083
1226.25000,453.27083
C

-color
t
202,150,96
SPL
1266.08333,519.63892
1275.33333,523.13892
1292.08333,518.63892
1301.40503,502.95586
1297.78003,491.20586
1284.53003,485.08086
1271.53003,488.33086
1264.03003,500.58086
1262.28003,511.70586
C

-color
t
77,88,69
SPL
1290.08333,463.63888
1299.33333,467.13889
1316.08333,462.63888
1325.40503,446.95583
1321.78003,435.20583
1308.53003,429.08083
1295.53003,432.33083
1288.03003,444.58083
1286.28003,455.70583
C

-color
t
202,150,96
SPL
1284.90000,361.52500
1283.40000,382.27500
1296.64999,396.27500
1322.65000,385.77500
1333.90000,362.52500
1328.90000,347.02500
1319.65000,326.02500
1296.15000,317.02500
1280.15000,326.27500
1276.15000,341.52500
C

-color
t
109,111,64
SPL
1392.72223,336.66662
1427.22222,340.66667
1440.47222,324.16667
1434.22222,300.66667
1418.22223,287.66662
1406.97223,267.66663
1387.97223,265.16663
1376.72222,297.66667
1379.97222,323.41667
C

-color
t
77,88,69
SPL
1405.75000,560.40909
1414.75000,578.15909
1432.50000,578.15909
1453.25000,569.40909
1459.50000,553.15909
1474.75000,535.90909
1474.50000,518.15909
1455.50000,508.65909
1440.50000,518.40909
1433.25000,535.15909
1415.00000,547.15909
C

-color
t
202,150,96
SPL
1434.61112,434.00003
1442.61111,452.25003
1457.36112,459.50003
1471.86111,449.25003
1473.61111,422.75003
1464.86111,407.25003
1438.11112,394.00003
1420.36111,404.50003
1421.86111,420.75003
C

-color
t
109,111,64
SPL
1441.51798,383.78571
1450.01798,392.03571
1463.01798,397.03571
1475.01798,396.28571
1486.51798,387.53571
1486.51798,373.28571
1477.51798,362.28571
1470.01798,348.53571
1459.26798,338.28571
1446.76798,339.78571
1429.51798,345.28571
1421.26798,359.28571
1424.51798,369.53571
1432.76798,378.03571
C

-color
t
202,150,96
SPL
1466.61112,338.00000
1474.61111,356.25000
1489.36112,363.50000
1503.86111,353.25000
1505.61111,326.75000
1496.86111,311.25000
1470.11112,298.00000
1452.36111,308.50000
1453.86111,324.75000
C

REC
1500,300
1800,600
-color
t
109,111,64
SPL
1815.13889,642.55556
1811.13888,658.30556
1797.88889,664.55556
1779.38889,664.55556
1762.63889,647.55556
1759.38889,627.30556
1763.13889,609.80556
1776.88889,599.80556
1786.63888,591.80556
1794.13889,584.55556
1799.63889,578.05556
1806.63889,573.05556
1816.63889,572.30556
1825.13889,577.80556
1829.13889,588.80556
1825.38889,599.30556
1817.38889,607.05556
1811.13888,618.05556
C

-color
t
77,88,69
SPL
1736.40790,648.11842
1749.90790,640.61842
1758.90790,626.36842
1758.15790,609.36842
1750.65790,597.61842
1737.15790,591.36842
1722.65790,586.36842
1715.15790,573.61842
1708.15790,561.36842
1696.65790,557.11842
1686.15790,564.11842
1686.65790,581.36842
1694.90790,604.86842
1701.15790,615.36842
1700.65790,627.61842
1690.65790,648.61842
1698.40790,660.86842
1717.15790,661.86842
1725.90790,654.61842
C

-color
t
202,150,96
SPL
1673.26495,619.52941
1664.51495,643.27941
1639.76495,647.77941
1619.01495,644.77941
1608.51495,640.52941
1596.01495,630.02941
1589.01495,610.52941
1589.76495,595.27941
1601.26495,586.02941
1615.01495,591.27941
1633.01495,605.02941
1648.51495,600.77941
1658.76495,585.77941
1673.01495,580.77941
1683.76495,586.52941
1686.76495,596.27941
1681.51495,608.52941
C

-color
t
109,111,64
SPL
1572.10715,644.33333
1583.35715,638.58333
1591.35715,625.83333
1588.85715,613.58333
1584.60715,598.33333
1590.60715,584.33333
1594.85715,572.33333
1592.60715,558.33333
1577.60715,549.33333
1566.10715,553.83333
1559.10715,572.08333
1550.85715,587.33333
1541.60715,600.33333
1526.85715,607.83333
1513.85715,615.33333
1507.35715,630.33333
1513.35715,643.83333
1527.10715,651.83333
1539.10715,662.08333
1551.85715,662.33333
1562.10715,654.33333
C

-color
t
109,111,64
SPL
1504.80264,259.68421
1514.80264,245.43421
1529.55264,240.93421
1549.80263,243.18421
1563.30264,245.43421
1572.80264,251.93421
1578.05264,259.18421
1580.30264,270.68421
1573.55264,290.68421
1567.55264,306.68421
1560.80264,318.18421
1563.80264,336.18421
1562.30264,350.18421
1551.80263,356.93421
1538.30264,351.93421
1533.80264,329.43421
1541.55264,304.68421
1536.55264,287.68421
1513.55264,276.68421
C

-color
t
77,88,69
SPL
1618.16667,241.55556
1603.66666,247.55556
1595.91666,263.05556
1599.66666,278.05556
1614.41667,286.80556
1627.91667,302.05556
1624.16667,318.30556
1620.91667,335.55556
1627.66667,344.05556
1645.16667,344.05556
1654.66666,330.30556
1654.66666,310.55556
1642.41667,299.55556
1633.66667,287.80556
1637.91667,274.30556
1647.66666,262.55556
1647.16666,247.55556
1635.16667,237.55556
C

-color
t
202,150,96
SPL
1709.55556,258.68056
1683.05556,250.68056
1665.05556,261.93056
1662.80556,276.93056
1666.30556,290.43056
1681.30556,296.93056
1698.80556,295.18056
1711.55556,301.93056
1712.80556,315.93056
1706.80556,329.68056
1709.55556,345.68056
1725.55556,352.93056
1740.55556,343.43056
1744.05556,304.93056
1758.30556,284.68056
1754.55556,262.68056
1736.55556,253.68056
1721.55556,257.43056
C

-color
t
109,111,64
SPL
1776.51225,276.08749
1771.26225,261.58750
1777.51225,247.58749
1791.76225,240.08749
1810.76225,239.83749
1824.51225,250.58749
1827.76225,267.08750
1825.26225,277.08749
1814.76225,286.83750
1805.51225,290.83750
1795.26225,296.08749
1790.26225,306.33750
1789.76225,323.08749
1788.26225,336.58749
1778.76225,344.33749
1766.01225,342.08749
1760.51225,331.08749
1763.01225,318.08750
1770.51225,308.08750
1778.76225,295.33749
C

-color
t
77,88,69
SPL
1535.79988,601.62500
1539.79988,582.62500
1548.04988,560.87500
1568.54988,545.62500
1581.54988,545.12500
1599.29988,546.12500
1610.04988,540.12500
1613.79988,524.87500
1602.79988,507.62500
1579.04988,507.62500
1546.29988,519.37500
1515.79988,529.12500
1500.04988,533.87500
1492.79988,544.12500
1487.79988,565.37500
1486.04988,582.12500
1487.79988,592.87500
1496.29988,603.12500
1509.04988,606.62500
1522.29988,609.62500
C

-color
t
202,150,96
SPL
1513.34988,505.95000
1500.34988,504.95000
1490.09988,494.20000
1498.34988,472.45000
1514.59987,465.20000
1525.09988,466.70000
1532.59988,473.20000
1541.09988,479.20000
1553.84988,478.95000
1563.09988,469.45000
1570.59988,457.45000
1584.59988,453.45000
1594.34988,460.45000
1593.09988,475.45000
1571.59988,488.70000
1561.59988,500.45000
1554.09988,509.95000
1544.59988,511.95000
1534.09988,508.70000
1524.09988,505.20000
C

-color
t
109,111,64
SPL
1509.80757,445.73074
1515.55757,461.48075
1533.80757,464.23075
1548.05757,455.73075
1556.30757,447.23074
1571.05757,441.48074
1578.05757,431.48074
1574.80757,420.23075
1561.55757,413.23075
1544.05757,415.48075
1529.80757,414.23075
1520.30757,420.48075
1516.30757,432.23074
C

-color
t
202,150,96
SPL
1528.08321,403.63892
1537.33321,407.13892
1554.08321,402.63892
1563.40491,386.95586
1559.77991,375.20586
1546.52991,369.08086
1533.52991,372.33086
1526.02991,384.58086
1524.27991,395.70586
C

-color
t
77,88,69
SPL
1546.36830,413.07892
1524.11830,409.32892
1517.36830,392.57892
1519.61830,376.82892
1534.86830,364.07892
1549.36830,360.82892
1561.11830,363.57892
1567.36830,374.32892
1571.11830,388.07892
1579.61830,396.07892
1592.86830,397.82892
1614.36830,398.82892
1622.36830,405.82892
1624.11830,417.32892
1616.36830,426.82892
1605.61830,427.57892
1594.11830,419.82892
1580.86830,410.57892
1566.11830,407.07892
C

-color
t
202,150,96
SPL
1576.09091,371.86364
1572.59091,354.86364
1572.59091,342.61364
1576.84091,332.86364
1589.84091,324.61365
1601.84091,328.61365
1606.09091,339.61365
1604.34091,350.86364
1605.84091,364.11364
1601.34091,375.11364
1585.34091,379.61364
C

-color
t
109,111,64
SPL
1595.40909,440.43181
1612.15909,454.43182
1632.90909,450.93182
1649.90909,437.68181
1640.90909,409.68182
1637.65909,388.18181
1620.90909,377.43182
1605.40909,381.43182
1594.40909,397.68181
1578.40909,411.68181
1579.40909,429.93182
C

-color
t
77,88,69
SPL
1608.08333,563.63888
1617.33333,567.13889
1634.08333,562.63888
1643.40503,546.95583
1639.78003,535.20583
1626.53003,529.08083
1613.53003,532.33083
1606.03003,544.58083
1604.28003,555.70583
C

-color
t
202,150,96
SPL
1616.39063,505.07816
1597.14063,495.82816
1593.39063,476.32816
1607.89063,459.57816
1624.39063,459.82816
1633.14063,470.32816
1639.89063,481.82816
1642.89063,493.57816
1652.89063,506.07816
1666.64063,513.57816
1676.64063,527.32816
1671.89063,541.57816
1657.64063,545.32816
1642.89063,536.07816
1638.64063,527.32816
1631.89063,515.57816
C

-color
t
109,111,64
SPL
1618.13637,318.50000
1626.88637,303.50000
1648.13637,296.25000
1661.63637,309.75000
1664.38637,324.75000
1660.38637,343.25000
1654.88637,365.50000
1632.63637,371.75000
1618.38637,357.50000
1607.38637,345.50000
1608.88637,329.50000
C

-color
t
202,150,96
SPL
1648.09091,491.86367
1644.59091,474.86367
1644.59091,462.61367
1648.84091,452.86367
1661.84091,444.61368
1673.84091,448.61368
1678.09091,459.61368
1676.34091,470.86367
1677.84091,484.11367
1673.34091,495.11367
1657.34091,499.61367
C

-color
t
77,88,69
SPL
1678.77632,399.85529
1680.02632,413.85529
1687.02632,424.35529
1700.52632,429.10529
1711.27632,435.85529
1713.77632,446.35529
1706.52632,456.85529
1696.02632,458.35529
1686.27632,455.10529
1678.77632,451.60529
1668.52632,443.10529
1660.02632,434.60529
1653.77632,423.85529
1650.27632,415.35529
1647.27632,401.60529
1647.27632,391.85529
1652.77632,384.35529
1661.27632,382.10529
1671.27632,386.35529
C

-color
t
202,150,96
SPL
1673.85001,347.35000
1660.85000,360.35000
1658.60000,377.10000
1672.35001,386.60000
1692.10001,391.35000
1702.85000,382.85000
1704.10000,371.60000
1700.10001,361.60000
1697.10001,349.35000
1701.60000,330.60000
1698.85001,313.10000
1688.35000,306.60000
1678.35001,310.10000
1674.60001,320.60000
1677.60001,335.35000
C

-color
t
109,111,64
SPL
1688.09103,539.86364
1684.59103,522.86364
1684.59103,510.61364
1688.84103,500.86364
1701.84103,492.61365
1713.84103,496.61365
1718.09103,507.61365
1716.34103,518.86364
1717.84103,532.11364
1713.34103,543.11364
1697.34103,547.61364
C

-color
t
77,88,69
SPL
1688.60703,541.92857
1694.35703,549.67857
1704.35703,557.42857
1718.85703,558.67857
1734.10703,549.42857
1736.60703,537.42857
1732.35703,526.17857
1730.10703,511.67857
1726.60703,497.67857
1717.35703,491.92857
1692.35703,491.17857
1674.10703,496.67857
1671.10703,515.67857
1682.60703,530.92857
C

-color
t
202,150,96
SPL
1712.08321,395.63888
1721.33321,399.13889
1738.08321,394.63888
1747.40491,378.95583
1743.77991,367.20583
1730.52991,361.08083
1717.52991,364.33083
1710.02991,376.58083
1708.27991,387.70583
C

-color
t
109,111,64
SPL
1708.93762,412.66666
1693.93762,396.66666
1702.43762,366.66666
1735.43762,353.41666
1762.93762,366.91666
1766.43762,394.91666
1755.68762,418.16667
1752.68762,439.91666
1743.93762,459.66666
1727.18762,465.66666
1711.93762,454.16666
1710.43762,434.66666
C

-color
t
202,150,96
SPL
1741.91692,512.93753
1744.41692,529.43753
1756.16692,539.18753
1782.91692,536.68753
1792.16692,516.43753
1779.91692,500.18753
1756.66692,486.18753
1744.16692,472.43753
1728.16692,466.93753
1718.66692,473.93753
1719.41692,485.93753
1734.16692,498.93753
C

-color
t
77,88,69
SPL
1760.09091,483.86367
1756.59091,466.86367
1756.59091,454.61367
1760.84091,444.86367
1773.84091,436.61368
1785.84091,440.61368
1790.09091,451.61368
1788.34091,462.86367
1789.84091,476.11367
1785.34091,487.11367
1769.34091,491.61367
C

-color
t
202,150,96
SPL
1757.48438,446.84375
1751.48438,468.09375
1755.23438,482.84375
1776.98438,492.84375
1793.98438,490.59375
1803.48438,485.84375
1811.48438,475.84375
1814.23438,460.09375
1807.48438,451.34375
1795.73438,443.34375
1789.48438,433.09375
1785.48438,422.09375
1776.23438,414.34375
1764.23438,415.09375
1756.48438,423.84375
1755.73438,434.34375
C

-color
t
109,111,64
SPL
1786.48077,405.53849
1783.73077,419.53849
1792.48077,432.53849
1817.23078,431.28849
1827.98078,420.53849
1826.98078,399.03849
1814.48078,386.78849
1808.98077,365.78849
1792.23077,337.03849
1764.23077,343.28849
1761.98077,364.78849
1777.48078,378.53849
1787.48077,389.28849
C

-color
t
202,150,96
SPL
1466.61112,338.00000
1474.61111,356.25000
1489.36112,363.50000
1503.86111,353.25000
1505.61111,326.75000
1496.86111,311.25000
1470.11112,298.00000
1452.36111,308.50000
1453.86111,324.75000
C

REC
300,0
1500,300
-color
t
202,150,96
SPL
282.77632,252.98684
265.02631,242.23684
263.77631,217.73684
279.52632,196.23684
295.02631,189.48685
326.77632,190.73684
335.27632,204.23684
338.27632,221.48684
334.02632,238.73684
331.77632,249.98684
327.27632,261.98684
328.77632,274.73685
334.52632,286.23685
333.27632,301.48685
320.77631,309.73685
304.52632,303.48684
299.77631,288.98684
295.52631,276.23684
291.77632,264.73684
C

-color
t
202,150,96
SPL
252.98684,317.22368
242.23684,334.97369
217.73684,336.22369
196.23684,320.47368
189.48685,304.97369
190.73684,273.22368
204.23684,264.72368
221.48684,261.72368
238.73684,265.97368
249.98684,268.22368
261.98684,272.72368
274.73685,271.22368
286.23685,265.47368
301.48685,266.72368
309.73685,279.22369
303.48684,295.47368
288.98684,300.22369
276.23684,304.47369
264.73684,308.22368
C

-color
t
77,88,69
SPL
271.64584,89.24994
272.14584,109.74994
284.89584,119.24994
312.89583,126.99994
349.64584,122.74994
359.39584,107.74994
355.39584,79.99994
333.39584,74.49994
312.64583,71.74994
300.39583,58.49994
286.89584,53.74994
272.14584,66.74994
C

-color
t
202,150,96
SPL
300.35938,13.31256
299.60938,36.56256
304.35938,55.56256
319.35938,62.31256
337.10938,60.31256
346.10938,48.06256
349.10938,30.56256
341.85938,14.56256
334.85938,-5.68744
318.35938,-15.68744
311.10938,-23.43744
301.85938,-41.18744
282.35938,-46.43744
258.10938,-31.93744
261.35938,-11.43744
281.85938,1.06256
C

-color
t
109,111,64
SPL
1459.68421,295.19736
1445.43421,285.19736
1440.93421,270.44736
1443.18421,250.19737
1445.43421,236.69736
1451.93421,227.19736
1459.18421,221.94736
1470.68421,219.69736
1490.68421,226.44736
1506.68421,232.44736
1518.18421,239.19736
1536.18421,236.19736
1550.18421,237.69736
1556.93421,248.19737
1551.93421,261.69736
1529.43421,266.19736
1504.68421,258.44736
1487.68421,263.44736
1476.68421,286.44736
C

-color
t
77,88,69
SPL
1441.55556,181.83340
1447.55556,196.33340
1463.05556,204.08340
1478.05556,200.33340
1486.80556,185.58340
1502.05556,172.08340
1518.30556,175.83340
1535.55556,179.08340
1544.05556,172.33340
1544.05556,154.83340
1530.30556,145.33340
1510.55556,145.33340
1499.55556,157.58340
1487.80556,166.33340
1474.30556,162.08340
1462.55556,152.33340
1447.55556,152.83340
1437.55556,164.83340
C

-color
t
202,150,96
SPL
1458.68056,90.44438
1450.68056,116.94438
1461.93056,134.94438
1476.93056,137.19438
1490.43056,133.69438
1496.93056,118.69438
1495.18056,101.19438
1501.93056,88.44438
1515.93056,87.19438
1529.68056,93.19438
1545.68056,90.44438
1552.93056,74.44438
1543.43056,59.44438
1504.93056,55.94438
1484.68056,41.69438
1462.68056,45.44438
1453.68056,63.44438
1457.43056,78.44438
C

-color
t
109,111,64
SPL
1476.08749,23.48756
1461.58750,28.73756
1447.58749,22.48756
1440.08749,8.23756
1439.83749,-10.76244
1450.58749,-24.51244
1467.08750,-27.76244
1477.08749,-25.26244
1486.83750,-14.76244
1490.83750,-5.51244
1496.08749,4.73756
1506.33750,9.73756
1523.08749,10.23756
1536.58749,11.73756
1544.33749,21.23756
1542.08749,33.98756
1531.08749,39.48756
1518.08750,36.98756
1508.08750,29.48756
1495.33749,21.23756
C

-color
t
77,88,69
SPL
633.67924,335.53767
638.17924,359.03767
652.42924,371.28767
671.42924,374.53767
690.17924,373.78767
699.17924,359.78767
699.67924,347.78767
693.92924,327.78767
687.42924,312.28767
677.67924,302.28767
662.67924,295.03767
645.67924,292.28767
632.67924,284.78767
628.42924,271.53767
627.92924,257.78767
633.17924,246.53767
650.17924,236.78767
690.67924,224.53767
705.92924,216.03767
725.92924,208.03767
740.67924,193.03767
748.92924,175.78767
751.17924,160.28767
746.92924,146.03767
733.67924,136.03767
728.42924,119.78767
734.42924,102.28767
746.67924,89.03767
749.17924,76.28767
738.67924,60.53767
723.17924,51.03767
716.92924,38.28767
700.17924,19.78767
678.42924,26.03767
672.42924,35.78767
676.67924,51.03767
689.42924,60.78767
704.17924,76.03767
701.92924,92.78767
698.67924,106.03767
687.67924,126.78767
680.17924,145.78767
681.17924,164.28767
682.17924,177.78767
675.67924,187.78767
655.67924,197.78767
632.67924,196.28767
609.92924,211.03767
600.67924,230.78767
600.42924,252.28767
596.42924,274.28767
602.42924,297.78767
617.92924,320.03767
C

-color
t
202,150,96
SPL
835.20313,321.99994
840.70313,339.74994
853.45313,348.99994
886.95313,353.74994
909.70313,344.49994
923.95313,335.99994
933.20313,319.99994
931.45313,301.24994
911.70313,288.74994
886.95313,277.24994
873.95313,260.49994
872.20313,241.74994
885.70313,221.99994
910.45313,212.49994
931.95313,216.99994
954.70313,213.49994
968.70313,181.99994
956.20313,170.24994
919.95313,182.99994
900.20313,188.24994
886.95313,180.74994
880.45313,167.49994
879.70313,152.49994
902.45313,125.74994
936.95313,123.24994
946.70313,104.74994
925.45313,85.74994
892.70313,94.99994
871.95313,75.49994
851.95313,62.99994
823.20313,60.74994
813.20313,72.24994
812.95313,88.74994
833.45313,98.99994
853.95313,101.24994
863.20313,113.49994
858.45313,127.74994
847.95313,137.49994
842.70313,152.74994
847.70313,167.49994
857.95313,186.99994
854.95313,203.49994
842.95313,223.74994
833.70313,235.24994
832.45313,251.74994
845.20313,268.24994
856.95313,287.49994
846.20313,304.99994
C

-color
t
109,111,64
SPL
1032.54546,311.07381
1036.04546,324.82381
1039.04546,334.07381
1049.29546,341.32381
1062.54546,342.07381
1078.79545,338.57381
1089.54545,326.82381
1095.29545,314.82381
1094.54545,301.32381
1083.54545,289.57381
1072.54545,277.07381
1073.04545,259.07381
1081.29545,244.57381
1100.04546,241.32381
1113.04546,240.32381
1127.79546,233.82381
1136.04546,212.82381
1145.29546,193.32381
1142.04546,181.32381
1127.04546,165.82381
1104.54546,155.82381
1094.79545,138.82381
1099.54546,124.32381
1114.29546,104.07381
1121.29546,83.07381
1142.29546,71.32381
1146.04546,50.07381
1130.04546,32.82381
1090.29545,22.32381
1063.54546,41.07381
1059.04546,58.07381
1059.04546,79.82381
1060.29546,98.57381
1054.79546,119.82381
1045.54546,131.32381
1044.54546,149.32381
1058.04546,174.32381
1050.54546,195.07381
1029.54546,202.57381
1017.79546,217.07381
1015.54546,240.32381
1022.54546,258.32381
1037.79546,269.82381
1043.29546,285.82381
C

-color
t
77,88,69
SPL
1307.97549,296.21562
1316.97549,304.21562
1328.97549,316.71562
1348.47549,317.46562
1370.97549,287.21562
1365.72549,260.46562
1353.72549,250.71562
1327.97549,244.71562
1303.97549,234.71562
1289.47550,215.71562
1284.22549,199.46562
1285.22549,182.71562
1292.72550,165.96562
1310.97549,153.46562
1336.97549,146.96562
1356.72549,135.21562
1364.97549,107.71562
1356.72549,94.46562
1339.22549,76.96562
1318.22549,74.96562
1291.72550,83.96562
1271.97550,69.96562
1264.97550,53.21562
1261.97549,31.46562
1244.47549,14.46562
1223.22549,17.21562
1215.97549,31.46562
1213.22549,48.46562
1222.47549,78.71562
1242.97549,98.21562
1257.22549,110.21562
1252.47549,132.46562
1242.22549,150.21562
1226.72549,168.46562
1219.72549,194.21562
1226.22549,212.21562
1243.22549,223.96562
1254.97549,243.71562
1254.72549,261.71562
1246.97549,282.96562
1237.22549,306.71562
1227.47549,321.71562
1226.47549,342.71562
1235.47549,359.96562
1254.22549,364.96562
1268.47550,356.71562
1274.47549,342.46562
1277.47550,335.21562
1277.72550,323.96562
1282.22550,307.71562
1290.22550,297.21562
C

-color
t
202,150,96
SPL
429.25996,211.47000
398.25996,197.47000
401.50996,165.22000
437.25996,120.97000
433.00996,89.47000
399.00996,43.47000
422.25996,16.22000
428.75996,-33.28000
422.25996,-58.28000
417.00996,-91.28000
517.75996,-99.28000
549.00996,-43.03000
521.25996,-15.28000
496.25996,19.72000
540.25996,59.47000
553.50996,91.22000
527.50996,123.22000
461.75996,172.72000
488.00996,202.22000
549.00996,189.97000
557.25996,226.97000
522.00996,246.47000
482.75996,251.97000
457.00996,247.97000
446.75996,226.47000
C

-color
t
202,150,96
SPL
414.03125,285.95313
410.78125,315.20313
423.78125,329.95313
434.78125,345.70313
429.53125,361.95313
408.28125,367.45313
386.53125,359.70313
378.53125,336.95313
379.28125,316.45313
378.03125,290.45313
365.03125,281.95313
351.78125,270.45313
350.28125,254.95313
363.03125,245.70313
383.03125,254.70313
392.78125,269.95313
C

-color
t
77,88,69
SPL
423.53849,311.63461
429.28849,329.63461
442.78848,342.13461
469.03849,340.88461
489.03849,330.13461
493.53849,318.63461
492.28849,307.88461
477.78848,295.88461
465.78848,288.88461
457.28849,276.88461
443.53848,266.88461
423.28848,275.13461
421.28849,296.38461
C

-color
t
77,88,69
SPL
497.28125,322.93750
501.03125,340.18750
529.28125,350.18750
544.03125,339.93750
557.53125,333.68750
570.53125,327.68750
575.28125,314.68750
569.53125,304.93750
559.28125,298.43750
550.53125,289.93750
544.03125,280.18750
534.28125,275.18750
517.53125,278.93750
499.78125,284.43750
492.53125,301.68750
495.53125,312.68750
C

-color
t
202,150,96
SPL
690.61112,306.00000
698.61111,324.25000
713.36112,331.50000
727.86111,321.25000
729.61111,294.75000
720.86111,279.25000
694.11112,266.00000
676.36111,276.50000
677.86111,292.75000
C

-color
t
202,150,96
SPL
735.80763,305.73077
741.55763,321.48078
759.80763,324.23078
774.05763,315.73078
782.30763,307.23077
797.05763,301.48078
804.05763,291.48077
800.80763,280.23078
787.55763,273.23078
770.05763,275.48078
755.80763,274.23078
746.30763,280.48078
742.30763,292.23077
C

-color
t
77,88,69
SPL
937.61765,299.55882
941.36765,311.80882
943.36765,331.30882
956.36765,341.05882
975.36765,338.80882
988.61765,324.05882
1009.86765,318.80882
1028.11765,308.05882
1026.86765,292.55882
1011.61765,284.80882
976.61765,284.30882
963.86765,260.80882
945.11765,253.30882
925.11765,254.80882
913.61765,273.05882
917.61765,284.55882
927.86765,291.55882
C

-color
t
109,111,64
SPL
1099.32353,307.38235
1091.82353,328.38235
1097.07353,340.38235
1109.82353,344.38235
1128.32353,344.13235
1142.32353,338.88235
1145.57353,325.63235
1138.82353,314.63235
1128.82353,306.38236
1124.32353,287.63235
1117.57353,272.13235
1106.82353,260.88235
1086.07353,256.63235
1077.32353,266.63235
1079.57353,277.13235
1088.57353,286.88235
1098.57353,296.88235
C

-color
t
202,150,96
SPL
1145.59745,298.39088
1138.26122,288.04944
1133.78947,267.50000
1147.01167,249.24695
1163.62868,251.36827
1169.81587,261.35616
1170.78814,275.14474
1179.36181,285.75134
1194.56461,290.34754
1203.04989,301.39608
1200.28947,312.75000
1191.28947,319.00000
1181.53948,324.25000
1174.03947,333.00000
1161.78947,336.75000
1150.81237,331.35973
1147.36522,323.31639
1147.45361,316.86404
1148.24911,309.43942
C

-color
t
109,111,64
SPL
1392.72223,336.66662
1427.22222,340.66667
1440.47222,324.16667
1434.22222,300.66667
1418.22223,287.66662
1406.97223,267.66663
1387.97223,265.16663
1376.72222,297.66667
1379.97222,323.41667
C

-color
t
77,88,69
SPL
278.02777,195.56938
262.77777,193.81938
255.02777,181.81938
256.77777,166.31938
272.77777,146.06938
291.27777,136.56938
313.77777,134.56938
332.02777,137.56938
351.77777,147.06938
363.02777,159.06938
363.02777,171.56938
355.52777,178.31938
344.52777,177.56938
334.02777,171.56938
323.77777,167.56938
306.77777,168.06938
295.77777,177.81938
289.27777,187.31938
C

-color
t
202,150,96
SPL
345.08333,219.63888
354.33333,223.13889
371.08333,218.63888
380.40503,202.95583
376.78003,191.20583
363.53003,185.08083
350.53003,188.33083
343.03003,200.58083
341.28003,211.70583
C

-color
t
109,111,64
SPL
352.42105,11.81573
353.92105,28.31573
362.67105,36.31573
376.67105,36.81573
384.92105,29.06573
391.17105,17.81573
400.92105,11.56573
408.67105,3.56573
408.92105,-8.18427
401.42105,-15.18427
378.92105,-17.93427
371.17105,-28.18427
361.17105,-39.68427
340.92105,-47.93427
326.17105,-42.18427
323.67105,-28.43427
332.17105,-17.93427
342.67105,-9.18427
350.92105,1.81573
C

-color
t
77,88,69
SPL
359.17857,89.23220
346.42857,71.23220
354.92857,49.73220
375.92857,39.23220
387.67857,39.48220
398.92857,46.98220
402.92857,59.23220
402.92857,69.98220
411.17857,88.23220
411.42857,108.48220
404.92857,123.73220
385.17857,126.98220
374.42857,118.73220
369.67857,106.98220
C

-color
t
202,150,96
SPL
497.08333,179.63882
506.33333,183.13882
523.08333,178.63882
532.40503,162.95577
528.78003,151.20577
515.53003,145.08077
502.53003,148.33077
495.03003,160.58077
493.28003,171.70577
C

-color
t
109,111,64
SPL
543.77632,7.85526
545.02632,21.85526
552.02632,32.35526
565.52632,37.10526
576.27632,43.85526
578.77632,54.35526
571.52632,64.85526
561.02632,66.35526
551.27632,63.10526
543.77632,59.60526
533.52632,51.10526
525.02632,42.60526
518.77632,31.85526
515.27632,23.35526
512.27632,9.60526
512.27632,-0.14474
517.77632,-7.64474
526.27632,-9.89474
536.27632,-5.64474
C

-color
t
202,150,96
SPL
551.72223,188.66662
586.22222,192.66667
599.47222,176.16667
593.22222,152.66667
577.22223,139.66662
565.97223,119.66663
546.97223,117.16663
535.72222,149.66667
538.97222,175.41667
C

-color
t
77,88,69
SPL
557.05357,-7.08935
548.55357,17.41065
560.05357,33.66065
576.80357,42.91065
589.55357,41.91065
599.05357,34.41065
600.55357,21.16065
597.80357,11.41065
598.55357,0.41065
605.55357,-12.08935
606.55357,-26.83935
598.05357,-35.08935
580.05357,-32.08935
561.80357,-22.83935
C

-color
t
202,150,96
SPL
583.86363,108.86364
582.36363,122.86364
591.36363,138.86364
615.86363,140.36364
627.11363,123.61364
626.86363,98.61364
617.11363,70.36364
589.36363,54.36364
573.11363,65.61364
573.61363,81.11364
582.61363,92.86364
C

-color
t
109,111,64
SPL
605.05357,16.91071
596.55357,41.41071
608.05357,57.66071
624.80357,66.91071
637.55357,65.91071
647.05357,58.41071
648.55357,45.16071
645.80357,35.41071
646.55357,24.41071
653.55357,11.91071
654.55357,-2.83929
646.05357,-11.08929
628.05357,-8.08929
609.80357,1.16071
C

-color
t
77,88,69
SPL
617.79167,182.16667
630.54167,183.41667
646.79167,183.91667
657.79167,173.66667
668.79167,162.16667
674.79167,142.41667
665.79167,126.91667
645.54167,128.91667
633.54167,139.41667
616.79167,144.66667
609.29167,154.91667
606.29167,170.66667
C

-color
t
202,150,96
SPL
654.81250,241.83334
629.06250,257.83333
631.81250,278.83334
642.06250,289.83334
658.31250,290.83334
673.06250,283.33334
681.81250,267.83333
705.31250,258.83333
712.81250,245.83334
706.31250,233.83334
690.56250,232.33334
674.06250,242.83334
C

-color
t
109,111,64
SPL
707.68750,4.64577
721.18750,18.14577
739.68750,19.14577
752.93750,10.64577
762.18750,-2.60423
757.43750,-19.85423
735.93750,-30.10423
690.43750,-34.60423
662.68750,-24.10423
663.18750,-4.60423
675.93750,3.64577
692.43750,1.39577
C

-color
t
202,150,96
SPL
710.80763,253.73077
716.55763,269.48078
734.80763,272.23078
749.05763,263.73078
757.30763,255.23077
772.05763,249.48078
779.05763,239.48077
775.80763,228.23078
762.55763,221.23078
745.05763,223.48078
730.80763,222.23078
721.30763,228.48078
717.30763,240.23077
C

-color
t
77,88,69
SPL
747.13637,94.50000
755.88637,79.50000
777.13637,72.25000
790.63637,85.75000
793.38637,100.75000
789.38637,119.25000
783.88637,141.50000
761.63637,147.75000
747.38637,133.50000
736.38637,121.50000
737.88637,105.50000
C

-color
t
202,150,96
SPL
753.08333,51.63888
762.33333,55.13889
779.08333,50.63888
788.40503,34.95583
784.78003,23.20583
771.53003,17.08083
758.53003,20.33083
751.03003,32.58083
749.28003,43.70583
C

-color
t
109,111,64
SPL
761.08333,179.63882
770.33333,183.13882
787.08333,178.63882
796.40503,162.95577
792.78003,151.20577
779.53003,145.08077
766.53003,148.33077
759.03003,160.58077
757.28003,171.70577
C

-color
t
77,88,69
SPL
754.60000,70.46667
742.85000,61.96667
740.10000,48.21667
743.10000,34.21667
756.85000,12.96667
781.85000,0.46667
802.85000,0.21667
814.60000,9.71667
815.85000,26.71667
816.60000,37.46667
813.10000,47.46667
802.35000,52.96667
788.85001,52.46667
777.60001,57.46667
768.35000,66.71667
C

-color
t
202,150,96
SPL
780.93420,227.43421
785.93421,245.43421
798.93420,253.43421
809.43421,252.93421
818.68420,245.68421
820.18420,236.43421
815.93420,226.18421
810.43421,219.18421
808.43421,208.43421
811.18421,201.18421
814.80920,193.55921
814.30920,182.68421
807.93421,175.55921
795.93421,175.18421
784.18421,183.68421
773.43420,190.43421
768.43420,200.93421
771.18420,210.18421
776.93420,218.93421
C

-color
t
109,111,64
SPL
809.09097,299.86364
805.59097,282.86364
805.59097,270.61364
809.84097,260.86364
822.84097,252.61365
834.84097,256.61365
839.09097,267.61365
837.34097,278.86364
838.84097,292.11364
834.34097,303.11364
818.34097,307.61364
C

-color
t
202,150,96
SPL
824.51780,11.78565
833.01780,20.03565
846.01780,25.03565
858.01780,24.28565
869.51780,15.53565
869.51780,1.28565
860.51780,-9.71435
853.01780,-23.46435
842.26780,-33.71435
829.76780,-32.21435
812.51780,-26.71435
804.26780,-12.71435
807.51780,-2.46435
815.76780,6.03565
C

-color
t
77,88,69
SPL
873.08339,59.63888
882.33339,63.13889
899.08339,58.63888
908.40509,42.95583
904.78009,31.20583
891.53009,25.08083
878.53009,28.33083
871.03009,40.58083
869.28009,51.70583
C

-color
t
202,150,96
SPL
897.08327,179.63882
906.33327,183.13882
923.08327,178.63882
932.40497,162.95577
928.77997,151.20577
915.52997,145.08077
902.52997,148.33077
895.02997,160.58077
893.27997,171.70577
C

-color
t
109,111,64
SPL
870.89279,65.07143
885.89279,83.32143
904.64279,85.82143
914.14279,77.32143
920.39279,64.82143
932.64279,58.57143
949.39279,53.57143
954.64279,44.32143
950.64279,33.07143
938.14279,22.57143
911.14279,24.32143
890.89279,20.07143
871.14279,28.07143
859.64279,49.32143
C

-color
t
202,150,96
SPL
939.86771,124.07353
930.36771,136.82353
932.36771,149.57353
945.61771,158.32353
958.61771,158.82353
971.61771,153.82353
975.86771,144.07353
973.61771,133.57353
972.11771,123.32353
977.86771,112.82353
994.86771,107.07353
1004.36771,100.32353
1004.86771,90.57353
996.11771,81.57353
979.61771,82.32353
956.11771,100.57353
948.36771,114.82353
C

-color
t
109,111,64
SPL
976.22825,215.72827
967.97825,227.22827
961.72826,242.97826
969.97825,258.97826
995.22826,260.47826
1004.72825,248.97826
1004.22825,227.72827
996.72826,216.22827
994.72826,199.47827
996.72826,184.47826
1007.22826,177.97827
1019.22825,180.72827
1029.22825,185.47826
1040.97826,184.22826
1050.72826,171.97827
1046.47826,154.72826
1010.97826,146.97826
992.22825,148.97826
984.72826,159.72826
984.47826,171.22827
983.47826,179.72827
978.97825,191.47826
977.22825,201.97827
C

-color
t
202,150,96
SPL
968.83928,85.17857
950.08928,79.42857
945.33928,58.42857
960.33928,42.17857
975.33928,39.42857
988.83928,42.17857
1002.33928,45.42857
1018.58928,53.92857
1041.08928,54.17857
1052.83928,63.67857
1048.33928,80.67857
1027.58928,85.42857
1005.58928,71.42857
983.58928,77.92857
C

-color
t
77,88,69
SPL
993.61112,21.99994
1001.61111,40.24994
1016.36112,47.49994
1030.86111,37.24994
1032.61111,10.74994
1023.86111,-4.75006
997.11112,-18.00006
979.36111,-7.50006
980.86111,8.74994
C

-color
t
202,150,96
SPL
1009.08333,139.63888
1018.33333,143.13889
1035.08333,138.63888
1044.40503,122.95583
1040.78003,111.20583
1027.53003,105.08083
1014.53003,108.33083
1007.03003,120.58083
1005.28003,131.70583
C

-color
t
109,111,64
SPL
1042.42308,5.73071
1055.42308,23.73071
1071.17308,21.98071
1083.17308,15.98071
1098.17308,16.98071
1110.67308,10.48071
1115.17308,-3.01929
1108.17308,-13.51929
1088.92308,-18.76929
1077.92308,-26.51929
1067.67308,-29.01929
1053.67308,-24.26929
1040.92308,-13.01929
C

-color
t
77,88,69
SPL
1115.13637,110.50000
1123.88637,95.50000
1145.13637,88.25000
1158.63637,101.75000
1161.38637,116.75000
1157.38637,135.25000
1151.88637,157.50000
1129.63637,163.75000
1115.38637,149.50000
1104.38637,137.50000
1105.88637,121.50000
C

-color
t
202,150,96
SPL
1136.51786,19.78565
1145.01786,28.03565
1158.01786,33.03565
1170.01786,32.28565
1181.51786,23.53565
1181.51786,9.28565
1172.51786,-1.71435
1165.01786,-15.46435
1154.26786,-25.71435
1141.76786,-24.21435
1124.51786,-18.71435
1116.26786,-4.71435
1119.51786,5.53565
1127.76786,14.03565
C

-color
t
109,111,64
SPL
1159.60293,241.72059
1169.35293,248.22059
1182.60293,254.22059
1199.60294,250.97059
1207.35294,239.97059
1205.60294,226.22059
1195.10294,210.72059
1195.35294,188.72059
1189.85293,175.22059
1180.35293,171.97059
1170.60294,176.72059
1163.60293,186.22059
1151.60294,193.47059
1144.10294,208.97059
1141.10294,218.97059
1145.60294,229.47059
1152.60294,236.47059
C

-color
t
202,150,96
SPL
1168.19318,121.81818
1162.19318,134.81819
1162.94318,149.31818
1169.69318,159.81818
1182.69318,162.81818
1198.69318,154.81818
1203.44318,145.31818
1199.69318,132.31819
1194.19318,124.31818
1192.19318,117.56818
1190.69318,110.06819
1188.94318,95.31818
1191.94318,83.31819
1191.94318,72.31818
1185.19318,64.31818
1171.94318,62.31818
1164.94318,67.56818
1164.44318,77.56818
1170.69318,87.31819
1176.19318,94.81818
1177.19318,104.56818
1174.19318,113.06819
C

-color
t
202,150,96
SPL
1239.15385,6.86533
1215.15385,-14.38467
1223.15385,-45.63467
1256.40385,-56.13467
1276.65385,-32.63467
1286.15385,-18.38467
1294.15385,-2.38467
1304.65385,5.61533
1311.65385,20.61533
1305.65385,33.36533
1278.90385,38.61533
1262.65385,32.11533
1254.15385,16.36533
C

-color
t
109,111,64
SPL
1305.08333,187.63882
1314.33333,191.13882
1331.08333,186.63882
1340.40503,170.95577
1336.78003,159.20577
1323.53003,153.08077
1310.53003,156.33077
1303.03003,168.58077
1301.28003,179.70577
C

-color
t
77,88,69
SPL
1313.08333,67.63888
1322.33333,71.13889
1339.08333,66.63888
1348.40503,50.95583
1344.78003,39.20583
1331.53003,33.08083
1318.53003,36.33083
1311.03003,48.58083
1309.28003,59.70583
C

-color
t
202,150,96
SPL
1328.51786,235.78571
1337.01786,244.03571
1350.01786,249.03571
1362.01786,248.28571
1373.51786,239.53571
1373.51786,225.28571
1364.51786,214.28571
1357.01786,200.53571
1346.26786,190.28571
1333.76786,191.78571
1316.51786,197.28571
1308.26786,211.28571
1311.51786,221.53571
1319.76786,230.03571
C

-color
t
109,111,64
SPL
1314.97501,12.00827
1302.35001,-1.86673
1302.10001,-22.86673
1318.35000,-36.36673
1331.85001,-37.24173
1339.85000,-27.61673
1339.85000,-12.11673
1339.85001,1.13327
1350.85001,12.63327
1381.35001,21.38327
1384.97501,34.00827
1377.85001,43.38327
1362.85000,43.38327
1346.85001,37.13327
1334.10001,16.38327
C

-color
t
202,150,96
SPL
1348.50000,190.02077
1360.00000,205.02077
1381.25000,205.27077
1393.00000,198.02077
1395.75000,184.77077
1395.50000,165.77077
1408.75000,148.77077
1409.50000,129.77077
1394.25000,124.02077
1361.00000,146.77077
1349.50000,164.27077
1345.25000,177.27077
C

-color
t
77,88,69
SPL
1361.08333,91.63895
1370.33333,95.13895
1387.08333,90.63895
1396.40503,74.95589
1392.78003,63.20589
1379.53003,57.08089
1366.53003,60.33089
1359.03003,72.58089
1357.28003,83.70589
C

-color
t
202,150,96
SPL
1354.42308,77.73077
1367.42308,95.73077
1383.17308,93.98077
1395.17308,87.98077
1410.17308,88.98077
1422.67308,82.48077
1427.17308,68.98077
1420.17308,58.48077
1400.92308,53.23077
1389.92308,45.48077
1379.67308,42.98077
1365.67308,47.73077
1352.92308,58.98077
C

-color
t
109,111,64
SPL
1370.97501,12.00827
1358.35001,-1.86673
1358.10001,-22.86673
1374.35000,-36.36673
1387.85001,-37.24173
1395.85000,-27.61673
1395.85000,-12.11673
1395.85001,1.13327
1406.85001,12.63327
1437.35001,21.38327
1440.97501,34.00827
1433.85001,43.38327
1418.85000,43.38327
1402.85001,37.13327
1390.10001,16.38327
C

-color
t
77,88,69
SPL
1391.73611,236.94444
1393.73611,253.94444
1407.48611,264.44444
1423.23612,260.56944
1433.36111,251.94444
1433.98611,240.69444
1429.36112,230.56944
1427.98612,219.81944
1432.36111,209.19444
1435.36111,199.69444
1432.48611,190.31944
1424.48612,185.69444
1414.98611,187.44444
1406.48611,192.81944
1395.36111,196.94444
1389.48611,204.44444
1385.23611,217.19444
1386.11111,225.31944
C

