REC
300,600
1500,900
-color
t
202,150,96
SPL
301.96153,921.67308
315.96153,930.42308
332.71153,927.67308
353.21153,920.67308
356.46153,892.17308
354.71153,866.67308
331.46153,862.17308
312.46153,877.17308
286.71153,874.17308
264.71153,882.42308
255.46153,895.92308
264.21153,912.17308
284.96153,915.42308
C

-color
t
109,111,64
SPL
266.91667,862.23333
288.16667,869.23333
305.16667,873.48333
319.16667,867.23333
327.16667,856.73333
334.66667,844.73333
349.16667,836.23333
364.16667,828.73333
370.66667,812.48333
351.16667,791.48333
312.16667,815.23333
297.91667,817.48333
283.41667,817.98333
267.41667,825.48333
261.91667,841.23333
C

-color
t
202,150,96
SPL
294.81250,758.83334
269.06250,774.83333
271.81250,795.83334
282.06250,806.83334
298.31250,807.83334
313.06250,800.33334
321.81250,784.83333
345.31250,775.83333
352.81250,762.83334
346.31250,750.83334
330.56250,749.33334
314.06250,759.83334
C

-color
t
77,88,69
SPL
305.13461,739.63461
316.13461,747.63461
333.38461,746.63461
342.38461,734.88461
355.88461,720.63461
353.63461,695.88461
333.63461,690.38461
317.38461,701.13461
299.13461,701.13461
280.13461,704.38461
270.13461,716.13461
273.88461,729.88461
287.88461,735.88461
C

-color
t
202,150,96
SPL
270.64063,672.51567
260.39063,652.76567
269.14063,636.26567
284.14063,633.01567
307.14063,634.01567
320.39063,623.26567
354.39063,610.51567
364.14063,623.26567
356.64063,641.76567
343.14063,647.26567
328.39063,656.76567
325.64063,678.51567
321.14063,688.51567
306.39063,694.76567
291.89063,698.51567
275.89063,690.76567
C

-color
t
109,111,64
SPL
1457.44444,915.13889
1441.69444,911.13888
1435.44444,897.88889
1435.44444,879.38889
1452.44444,862.63889
1472.69444,859.38889
1490.19444,863.13889
1500.19444,876.88889
1508.19444,886.63888
1515.44444,894.13889
1521.94444,899.63889
1526.94444,906.63889
1527.69444,916.63889
1522.19444,925.13889
1511.19444,929.13889
1500.69444,925.38889
1492.94444,917.38889
1481.94444,911.13888
C

-color
t
77,88,69
SPL
1451.88158,836.40790
1459.38158,849.90790
1473.63158,858.90790
1490.63158,858.15790
1502.38158,850.65790
1508.63158,837.15790
1513.63158,822.65790
1526.38158,815.15790
1538.63158,808.15790
1542.88158,796.65790
1535.88158,786.15790
1518.63158,786.65790
1495.13158,794.90790
1484.63158,801.15790
1472.38158,800.65790
1451.38158,790.65790
1439.13158,798.40790
1438.13158,817.15790
1445.38158,825.90790
C

-color
t
202,150,96
SPL
1480.47059,773.26471
1456.72059,764.51471
1452.22059,739.76471
1455.22059,719.01471
1459.47059,708.51471
1469.97059,696.01471
1489.47059,689.01471
1504.72059,689.76471
1513.97059,701.26471
1508.72059,715.01471
1494.97059,733.01471
1499.22059,748.51471
1514.22059,758.76471
1519.22059,773.01471
1513.47059,783.76471
1503.72059,786.76471
1491.47059,781.51471
C

-color
t
109,111,64
SPL
1455.66667,672.10719
1461.41667,683.35719
1474.16667,691.35719
1486.41667,688.85719
1501.66667,684.60719
1515.66667,690.60719
1527.66667,694.85719
1541.66667,692.60719
1550.66667,677.60719
1546.16667,666.10719
1527.91667,659.10719
1512.66667,650.85719
1499.66667,641.60719
1492.16667,626.85719
1484.66667,613.85719
1469.66667,607.35719
1456.16667,613.35719
1448.16667,627.10719
1437.91667,639.10719
1437.66667,651.85719
1445.66667,662.10719
C

-color
t
202,150,96
SPL
454.38722,760.01961
465.38722,779.76961
483.13722,790.26961
527.13722,782.01961
553.63722,763.76961
554.13722,742.26961
541.88722,732.76961
514.88722,729.26961
502.88722,712.51961
504.13722,693.76961
512.63722,679.01961
540.38722,665.51961
555.38722,634.26961
555.88722,605.51961
539.88722,593.76961
513.38722,583.76961
474.63722,591.01961
464.13722,577.01961
465.88722,547.76961
493.13722,537.51961
523.38722,530.76961
527.63722,505.76961
518.88722,491.51961
501.88722,482.76961
485.88722,459.51961
488.88722,437.01961
483.88722,415.76961
461.38722,404.76961
431.38722,407.76961
422.13722,424.76961
426.13722,444.01961
438.13722,463.51961
452.63722,478.26961
451.38722,499.76961
434.38722,510.26961
422.88722,520.01961
413.88722,535.76961
410.63722,551.76961
415.63722,575.76961
424.13722,593.26961
446.38722,609.01961
470.13722,615.76961
492.13722,624.26961
494.88722,640.76961
485.13722,651.26961
467.38722,660.76961
449.63722,668.76961
447.63722,695.26961
463.38722,708.51961
470.13722,726.26961
465.38722,739.26961
C

-color
t
109,111,64
SPL
569.63333,808.58749
551.13333,816.08749
535.13333,820.58749
525.38333,814.08749
522.88333,801.83749
526.63333,788.83749
548.88333,780.58749
565.38333,771.33749
569.13333,756.83749
560.63333,742.58749
548.63333,730.83749
527.38333,721.83749
522.63333,699.08749
530.63333,682.08749
546.88333,673.33749
572.88333,653.58749
585.63333,634.83749
583.88333,611.33749
561.38333,595.33749
562.63333,567.83749
573.13333,549.58749
565.38333,530.58749
543.13333,520.58749
538.38333,493.83749
540.63333,474.83749
557.13333,460.58749
569.88333,438.58749
556.63333,420.58749
534.88333,409.83749
523.63333,388.33749
528.13333,361.58749
539.88333,342.83749
574.63333,334.58749
597.88333,345.58749
602.13333,362.08749
601.13333,380.33749
604.13333,396.08749
618.63333,414.58749
623.38333,432.33749
619.88333,454.33749
605.38333,467.58749
599.38333,486.33749
600.38333,501.83749
608.63333,515.33749
626.13333,531.83749
628.13333,556.08749
623.38333,575.83750
621.63333,594.83749
633.63333,610.08749
637.63333,633.08749
620.13333,656.08749
616.38333,683.08749
603.63333,700.08749
598.63333,717.58749
609.88333,735.83749
615.63333,762.33749
634.13333,783.83749
629.38333,804.83749
616.38333,818.58749
591.88333,812.83749
C

-color
t
77,88,69
SPL
736.75752,783.88434
730.00752,803.38434
730.75752,822.38434
746.00752,834.13434
771.75752,834.88434
782.75752,814.63434
787.00752,796.38434
799.00752,786.13434
816.25752,790.63434
825.75752,800.38434
838.75752,804.63434
852.75752,797.63434
863.25752,781.13434
870.00752,759.13434
861.75752,743.63434
835.00752,731.88434
813.50752,727.63434
799.00752,721.38434
795.75752,705.38434
800.75752,688.88434
816.75752,680.63434
835.75752,672.88434
845.00752,636.88434
851.75752,618.13434
841.75752,602.13434
827.75752,595.63434
807.75752,595.63434
795.75752,583.38434
796.50752,559.38434
804.00752,537.88434
824.75752,533.13434
846.75752,527.38434
857.50752,506.38434
839.50752,480.88434
807.75752,483.13434
774.50752,498.63434
756.75752,489.88434
750.75752,460.38434
749.75752,424.88434
772.00752,406.38434
799.50752,403.88434
812.00752,380.63434
802.75752,344.88434
767.75752,330.63434
744.25752,337.13434
731.00752,354.88434
721.25752,368.88434
721.50752,387.38434
710.50752,400.63434
700.00752,416.13434
697.25752,433.13434
694.25752,456.63434
707.75752,472.38434
714.50752,496.88434
732.50752,515.88434
746.00752,527.63434
747.25752,542.13434
735.00752,570.63434
736.50752,591.13434
747.50752,609.38434
753.00752,632.63434
765.00752,648.13434
763.00752,665.88434
746.50752,679.13434
734.25752,710.88434
742.00752,737.13434
753.00752,763.88434
C

-color
t
202,150,96
SPL
999.09036,843.32230
1009.09036,824.57230
1028.09036,818.07230
1044.59036,818.32230
1058.59036,810.57230
1059.09036,787.82230
1046.09036,779.57230
1023.84036,771.32230
1016.34036,755.57230
1024.84036,741.07230
1036.84036,727.57230
1036.09036,711.57230
1020.09036,696.82230
995.84036,697.82230
986.59036,705.82230
981.09036,716.57230
970.59036,726.07230
953.84036,725.57230
946.09036,719.07230
942.84036,707.57230
946.59036,692.32230
952.59036,677.82230
971.84036,668.32230
985.59036,649.82230
988.59036,626.32229
988.84036,610.07230
982.84036,588.82230
988.09036,568.57229
1003.34036,551.07230
1027.34036,538.57230
1057.59036,515.32230
1063.34036,486.57230
1078.59036,462.82230
1076.59036,443.57230
1058.84036,427.82230
1045.34036,424.07230
1031.34036,437.57230
1022.09036,453.07230
1010.34036,457.82230
1000.59036,450.07230
998.59036,430.57230
997.59036,414.32230
997.84036,402.57230
997.59036,386.82230
1000.34036,355.57230
980.84036,344.32230
954.09036,356.07230
943.09036,369.32230
934.59036,388.57230
940.34036,404.32230
939.84036,420.32230
919.84036,435.07230
915.59036,444.07230
914.84036,456.07230
920.84036,463.82230
935.84036,469.57230
957.09036,474.32230
979.59036,472.82230
995.59036,476.57230
1001.34036,487.32230
997.59036,499.32230
988.34036,504.82230
971.84036,509.07230
953.59036,517.57230
949.34036,540.07230
936.34036,563.07230
939.84036,583.82229
944.59036,602.82229
932.84036,618.07229
916.34036,628.07229
914.09036,652.82230
908.34036,679.07230
909.84036,711.32230
912.09036,729.57230
917.59036,739.57230
933.84036,748.57230
949.84036,764.82230
954.34036,787.57230
949.09036,800.82230
945.59036,813.57230
949.59036,832.82230
964.09036,849.57230
981.09036,853.57230
C

-color
t
109,111,64
SPL
1144.25000,810.33841
1134.00000,825.58841
1137.75000,842.08841
1168.50000,854.58841
1190.50000,842.33841
1197.75000,827.58841
1187.50000,807.33841
1185.00000,795.08841
1194.00000,782.83841
1214.75000,781.33841
1229.75000,783.58841
1241.00000,776.83841
1239.75000,757.33841
1226.50000,749.83841
1202.50000,747.58841
1182.25000,752.58841
1168.00000,744.08841
1160.75000,733.33841
1155.00000,721.08841
1156.50000,709.08841
1160.75000,694.58841
1172.75000,688.08841
1193.75000,687.08841
1204.75000,675.58841
1202.75000,662.08841
1191.00000,657.08841
1167.50000,653.33841
1160.00000,638.08841
1172.25000,622.58841
1206.25000,617.08841
1224.00000,608.33841
1230.50000,598.83841
1234.25000,580.58841
1234.75000,569.58841
1237.75000,536.83841
1255.00000,521.08841
1259.75000,495.83841
1245.75000,482.58841
1225.50000,475.08841
1222.75000,438.08841
1238.00000,418.58841
1257.00000,402.58841
1256.00000,384.83841
1239.50000,377.08841
1222.00000,386.58841
1206.00000,393.08841
1190.50000,384.83841
1182.25000,359.33841
1167.75000,352.83841
1157.25000,359.33841
1154.75000,372.58841
1161.75000,384.08841
1167.00000,394.83841
1165.75000,407.08841
1158.25000,416.33841
1153.75000,425.33841
1153.75000,432.33841
1159.25000,439.83841
1171.00000,445.58841
1181.75000,456.58841
1186.00000,466.08841
1183.75000,486.08841
1175.75000,499.58841
1168.25000,509.08841
1152.50000,523.58841
1154.50000,541.83841
1158.25000,552.08841
1164.75000,564.83841
1160.50000,579.58841
1157.75000,596.83841
1146.25000,606.83841
1126.00000,610.83841
1106.25000,631.33841
1111.75000,648.33841
1121.50000,661.33841
1122.50000,678.08841
1113.50000,698.08841
1107.75000,723.83841
1118.00000,742.33841
1132.25000,753.58841
1142.25000,778.58841
1150.00000,792.08841
C

-color
t
202,150,96
SPL
1414.83018,847.82074
1376.08018,857.57074
1342.08018,856.07074
1321.33018,842.07074
1321.08018,825.57074
1342.33018,806.32074
1364.58018,789.57074
1367.83018,769.57074
1357.08018,755.32074
1343.08018,746.07074
1337.08018,725.07074
1334.08018,703.07074
1347.08018,687.07074
1368.58018,675.07074
1377.33018,643.07074
1374.33018,625.57074
1354.08018,608.82074
1333.33018,601.07074
1313.08018,565.57074
1311.58018,537.57074
1338.08018,521.82074
1359.58018,516.07074
1379.08018,479.82074
1377.08018,464.57074
1365.08018,446.82074
1352.83018,433.57074
1336.08018,406.07074
1322.83018,385.07074
1332.58018,364.57074
1365.33018,334.82074
1389.58018,336.82074
1407.83018,354.07074
1416.08018,382.07074
1410.08018,399.32074
1411.33018,419.82074
1421.83018,434.82074
1431.33018,453.32074
1425.83018,475.07074
1430.08018,490.32074
1427.83018,515.07074
1414.08018,530.07074
1404.33018,546.07074
1404.08018,566.82074
1414.83018,593.82074
1430.58018,612.82074
1427.58018,638.07074
1418.58018,667.07074
1425.58018,689.07074
1422.08018,721.07074
1410.33018,740.82074
1422.33018,772.82074
1419.08018,804.32074
1424.08018,828.57074
C

-color
t
77,88,69
SPL
337.08333,683.63885
346.33333,687.13885
363.08333,682.63885
372.40503,666.95580
368.78003,655.20580
355.53003,649.08080
342.53003,652.33080
335.03003,664.58080
333.28003,675.70580
C

-color
t
202,150,96
SPL
361.61112,766.00000
369.61111,784.25000
384.36112,791.50000
398.86111,781.25000
400.61111,754.75000
391.86111,739.25000
365.11112,726.00000
347.36111,736.50000
348.86111,752.75000
C

-color
t
109,111,64
SPL
361.08333,723.63888
370.33333,727.13889
387.08333,722.63888
396.40503,706.95583
392.78003,695.20583
379.53003,689.08083
366.53003,692.33083
359.03003,704.58083
357.28003,715.70583
C

-color
t
77,88,69
SPL
367.86363,900.86364
366.36363,914.86364
375.36363,930.86364
399.86363,932.36364
411.11363,915.61364
410.86363,890.61364
401.11363,862.36364
373.36363,846.36364
357.11363,857.61364
357.61363,873.11364
366.61363,884.86364
C

-color
t
202,150,96
SPL
373.59091,671.65909
381.09091,682.40909
398.34091,687.15909
409.59091,677.40909
410.59091,659.65909
417.84091,635.15909
412.34091,598.15909
376.09091,596.90909
369.09091,614.90909
375.34091,633.90909
368.09091,652.40909
C

-color
t
109,111,64
SPL
393.18750,830.54688
381.18750,816.29688
387.93750,792.54688
415.43750,790.54688
424.18750,799.29688
425.43750,814.29688
428.18750,831.54688
440.18750,842.54688
447.43750,859.54688
440.43750,872.29688
427.43750,879.04688
414.93750,873.54688
410.68750,864.54688
410.43750,854.04688
408.43750,844.04688
402.81250,837.29688
C

-color
t
202,150,96
SPL
411.90000,741.52500
410.40000,762.27500
423.64999,776.27500
449.65000,765.77500
460.90000,742.52500
455.90000,727.02500
446.65000,706.02500
423.15000,697.02500
407.15000,706.27500
403.15000,721.52500
C

-color
t
77,88,69
SPL
414.94444,941.29630
407.94444,962.04630
422.44444,979.04630
448.94444,980.29630
483.69444,976.04630
501.19444,965.29630
501.69444,947.04630
489.44444,933.29630
482.19444,916.29630
485.69444,903.29630
495.69444,885.79630
524.44444,873.04630
527.19444,850.29630
506.94444,841.04630
479.94444,840.04630
464.19444,819.04630
450.69444,809.04630
438.94444,813.29630
435.19444,829.29630
444.44444,841.54630
454.19444,850.29630
456.44444,862.54630
444.44444,876.79630
433.44444,883.29630
424.19444,893.79630
422.69444,910.79630
422.94444,926.04630
C

-color
t
202,150,96
SPL
498.18420,901.81579
499.93420,919.06580
509.18420,931.06580
523.18420,930.31580
535.18421,919.06580
547.68421,911.31580
559.43421,915.31580
568.18420,925.56580
582.68420,932.06580
595.43420,924.81580
596.93420,909.81579
587.93420,887.31579
595.68420,866.56580
593.93420,844.81580
575.68420,836.56580
542.18421,830.81580
530.93420,846.81580
527.43420,871.56580
510.18420,884.31579
C

-color
t
109,111,64
SPL
601.08333,875.63888
610.33333,879.13889
627.08333,874.63888
636.40503,858.95583
632.78003,847.20583
619.53003,841.08083
606.53003,844.33083
599.03003,856.58083
597.28003,867.70583
C

-color
t
77,88,69
SPL
616.94643,757.53571
623.94643,767.03571
633.94643,768.28571
645.69643,760.03571
653.44643,746.78571
663.19643,730.28571
658.94643,715.03571
648.19643,706.03571
630.94643,703.78571
615.19643,698.78571
603.69643,704.03571
601.69643,720.78570
611.19643,734.28571
615.44643,741.78571
C

-color
t
109,111,64
SPL
641.55769,900.48077
603.05769,901.23077
594.80769,878.73077
596.80769,859.73077
621.05769,837.48077
645.55769,835.98077
659.05769,850.98077
661.30769,864.48077
667.05769,877.23077
681.55769,886.98077
685.80769,898.23077
677.05769,908.98077
661.55769,908.23077
C

-color
t
202,150,96
SPL
640.94643,621.53571
647.94643,631.03571
657.94643,632.28571
669.69643,624.03571
677.44643,610.78571
687.19643,594.28571
682.94643,579.03571
672.19643,570.03571
654.94643,567.78571
639.19643,562.78571
627.69643,568.03571
625.69643,584.78570
635.19643,598.28571
639.44643,605.78571
C

-color
t
77,88,69
SPL
648.82500,827.82500
657.82500,848.07500
685.32500,848.57500
699.32500,830.07500
690.82500,808.07500
691.07500,777.07500
670.07500,766.07500
645.32500,773.32500
635.82500,786.32500
639.57500,802.32500
C

-color
t
202,150,96
SPL
672.94643,741.53571
679.94643,751.03571
689.94643,752.28571
701.69643,744.03571
709.44643,730.78571
719.19643,714.28571
714.94643,699.03571
704.19643,690.03571
686.94643,687.78571
671.19643,682.78571
659.69643,688.03571
657.69643,704.78570
667.19643,718.28571
671.44643,725.78571
C

-color
t
109,111,64
SPL
673.08333,651.63895
682.33333,655.13895
699.08333,650.63895
708.40503,634.95589
704.78003,623.20589
691.53003,617.08089
678.53003,620.33089
671.03003,632.58089
669.28003,643.70589
C

-color
t
77,88,69
SPL
715.63333,938.43333
732.63333,925.93333
742.13333,909.18334
745.63333,887.93333
737.88333,875.18333
722.13333,860.18333
710.38333,852.18333
687.88333,855.43333
681.88333,867.93333
684.38333,880.68334
694.13333,889.18333
700.88333,897.93334
699.13333,911.18333
694.88333,928.43333
700.63333,937.43333
C

-color
t
202,150,96
SPL
758.91667,896.93750
761.41667,913.43750
773.16667,923.18750
799.91667,920.68750
809.16667,900.43750
796.91667,884.18750
773.66667,870.18750
761.16667,856.43750
745.16667,850.93750
735.66667,857.93750
736.41667,869.93750
751.16667,882.93750
C

-color
t
109,111,64
SPL
791.60300,873.72059
801.35300,880.22059
814.60300,886.22059
831.60300,882.97059
839.35300,871.97059
837.60300,858.22059
827.10300,842.72059
827.35300,820.72059
821.85300,807.22059
812.35300,803.97059
802.60300,808.72059
795.60300,818.22059
783.60300,825.47059
776.10300,840.97059
773.10300,850.97059
777.60300,861.47059
784.60300,868.47059
C

-color
t
202,150,96
SPL
817.08327,715.63887
826.33327,719.13887
843.08327,714.63887
852.40497,698.95581
848.77997,687.20581
835.52997,681.08081
822.52997,684.33081
815.02997,696.58081
813.27997,707.70581
C

-color
t
77,88,69
SPL
840.19318,873.81818
834.19318,886.81819
834.94318,901.31818
841.69318,911.81818
854.69318,914.81818
870.69318,906.81818
875.44318,897.31818
871.69318,884.31819
866.19318,876.31818
864.19318,869.56818
862.69318,862.06819
860.94318,847.31818
863.94318,835.31819
863.94318,824.31818
857.19318,816.31818
843.94318,814.31818
836.94318,819.56818
836.44318,829.56818
842.69318,839.31819
848.19318,846.81818
849.19318,856.56818
846.19318,865.06819
C

-color
t
202,150,96
SPL
851.54167,707.25000
851.04167,724.25000
866.54167,735.50000
883.79167,726.00000
884.54167,708.25000
879.04167,691.50000
886.04167,671.50000
879.04167,656.75000
866.54167,654.50000
856.54167,660.75000
854.04167,675.50000
857.29167,689.50000
C

-color
t
109,111,64
SPL
858.25000,610.50000
849.00000,599.75000
842.50000,587.75000
848.75000,569.00000
871.50000,565.25000
886.50000,571.50000
891.50000,590.50000
900.00000,605.00000
900.25000,624.25000
896.25000,643.50000
875.75000,654.75000
859.00000,657.00000
850.00000,649.50000
849.25000,637.75000
854.25000,628.50000
859.25000,620.50000
C

-color
t
202,150,96
SPL
875.65796,902.50000
866.65796,920.00000
868.40796,934.25000
881.90796,944.50000
898.40796,948.25000
918.15796,942.50000
930.65796,931.75000
934.90796,920.75000
926.65796,904.50000
914.65796,896.50000
906.15796,880.25000
903.15796,861.75000
902.90796,839.25000
892.15796,831.75000
872.65796,838.50000
865.40796,855.00000
868.65796,864.75000
878.65796,877.00000
879.40796,892.75000
C

-color
t
109,111,64
SPL
905.08327,787.63888
914.33327,791.13889
931.08327,786.63888
940.40497,770.95583
936.77997,759.20583
923.52997,753.08083
910.52997,756.33083
903.02997,768.58083
901.27997,779.70583
C

-color
t
202,150,96
SPL
921.09091,899.86364
917.59091,882.86364
917.59091,870.61364
921.84091,860.86364
934.84091,852.61365
946.84091,856.61365
951.09091,867.61365
949.34091,878.86364
950.84091,892.11364
946.34091,903.11364
930.34091,907.61364
C

-color
t
77,88,69
SPL
950.80775,901.73077
956.55775,917.48078
974.80775,920.23078
989.05775,911.73078
997.30775,903.23077
1012.05775,897.48078
1019.05775,887.48077
1015.80775,876.23078
1002.55775,869.23078
985.05775,871.48078
970.80775,870.23078
961.30775,876.48078
957.30775,888.23077
C

-color
t
202,150,96
SPL
1001.08333,675.63884
1010.33333,679.13884
1027.08333,674.63884
1036.40503,658.95578
1032.78003,647.20578
1019.53003,641.08078
1006.53003,644.33078
999.03003,656.58078
997.28003,667.70578
C

-color
t
109,111,64
SPL
988.97223,666.45829
998.97223,685.70829
1011.97223,687.95829
1023.97223,682.95829
1035.97223,679.95829
1044.97223,682.70829
1056.22223,685.95829
1067.72223,682.20829
1072.22223,672.95829
1069.22223,660.45829
1063.22223,647.20829
1056.72223,636.20829
1039.72223,633.95829
1027.22223,636.70829
1013.22223,641.20829
999.72223,641.45829
990.22223,646.95829
986.47223,655.20829
C

-color
t
77,88,69
SPL
1008.41667,617.61667
1020.91667,630.86667
1039.16667,630.36667
1047.41667,620.61667
1052.16667,608.86667
1064.91667,599.36667
1068.66667,591.36667
1067.41667,578.36667
1056.91667,570.36667
1037.66667,572.61667
1021.91667,569.36667
1012.66667,569.86667
996.41667,575.36667
984.66667,592.86667
990.66667,609.61667
C

-color
t
202,150,96
SPL
1019.65790,902.50000
1010.65790,920.00000
1012.40790,934.25000
1025.90790,944.50000
1042.40790,948.25000
1062.15790,942.50000
1074.65790,931.75000
1078.90790,920.75000
1070.65790,904.50000
1058.65790,896.50000
1050.15790,880.25000
1047.15790,861.75000
1046.90790,839.25000
1036.15790,831.75000
1016.65790,838.50000
1009.40790,855.00000
1012.65790,864.75000
1022.65790,877.00000
1023.40790,892.75000
C

-color
t
109,111,64
SPL
1036.06250,773.12500
1059.56250,773.37500
1077.56250,769.12500
1103.31250,756.12500
1100.81250,726.37500
1105.56250,697.12500
1075.31250,682.87500
1062.56250,695.87500
1056.06250,718.37500
1041.31250,724.87500
1029.31250,737.12500
1026.06250,751.62500
C

-color
t
202,150,96
SPL
1057.08333,843.63892
1066.33333,847.13892
1083.08333,842.63892
1092.40503,826.95586
1088.78003,815.20586
1075.53003,809.08086
1062.53003,812.33086
1055.03003,824.58086
1053.28003,835.70586
C

-color
t
77,88,69
SPL
1073.09091,667.86364
1069.59091,650.86364
1069.59091,638.61364
1073.84091,628.86364
1086.84091,620.61365
1098.84091,624.61365
1103.09091,635.61365
1101.34091,646.86364
1102.84091,660.11364
1098.34091,671.11364
1082.34091,675.61364
C

-color
t
202,150,96
SPL
1066.71875,868.95313
1047.21875,859.95313
1048.46875,825.45313
1067.46875,803.20313
1094.96875,800.70313
1103.71875,817.20313
1101.21875,837.45313
1098.46875,855.45313
1106.96875,871.70313
1121.21875,878.95313
1128.21875,889.20313
1124.21875,901.70313
1108.46875,908.20313
1098.46875,904.70313
1093.71875,894.70313
1087.71875,877.20313
C

-color
t
109,111,64
SPL
1125.68479,912.91304
1127.18478,925.91304
1132.93478,936.16304
1147.68478,940.91304
1155.93478,940.16304
1169.43479,936.16304
1178.68478,927.91304
1183.43478,917.41304
1182.93478,903.41304
1178.18478,893.16304
1171.18479,887.16304
1152.43478,882.66304
1143.43479,872.66304
1140.18479,861.91304
1127.93478,836.66304
1109.93478,835.66304
1100.93478,846.66304
1102.43478,859.41304
1108.68478,868.16304
1117.68479,873.66304
1127.43478,879.91304
1131.18478,888.41304
1130.68478,901.16304
C

-color
t
77,88,69
SPL
1185.08333,891.63888
1194.33333,895.13889
1211.08333,890.63888
1220.40503,874.95583
1216.78003,863.20583
1203.53003,857.08083
1190.53003,860.33083
1183.03003,872.58083
1181.28003,883.70583
C

-color
t
109,111,64
SPL
1192.51786,731.78571
1201.01786,740.03571
1214.01786,745.03571
1226.01786,744.28571
1237.51786,735.53571
1237.51786,721.28571
1228.51786,710.28571
1221.01786,696.53571
1210.26786,686.28571
1197.76786,687.78571
1180.51786,693.28571
1172.26786,707.28571
1175.51786,717.53571
1183.76786,726.03571
C

-color
t
202,150,96
SPL
1195.72058,905.54412
1182.47059,897.04412
1178.72059,880.29412
1182.47059,863.29412
1190.47059,847.79412
1219.97059,833.54412
1250.47059,828.79412
1268.47059,847.04412
1264.97059,865.79412
1253.97059,879.29412
1246.72059,889.29412
1242.72059,906.04412
1239.97058,920.04412
1230.72059,929.79412
1214.97058,932.54412
1206.47059,924.79412
1202.47059,914.04412
C

-color
t
77,88,69
SPL
1214.91667,664.93750
1217.41667,681.43750
1229.16667,691.18750
1255.91667,688.68750
1265.16667,668.43750
1252.91667,652.18750
1229.66667,638.18750
1217.16667,624.43750
1201.16667,618.93750
1191.66667,625.93750
1192.41667,637.93750
1207.16667,650.93750
C

-color
t
202,150,96
SPL
1248.19318,769.81818
1242.19318,782.81819
1242.94318,797.31818
1249.69318,807.81818
1262.69318,810.81818
1278.69318,802.81818
1283.44318,793.31818
1279.69318,780.31819
1274.19318,772.31818
1272.19318,765.56818
1270.69318,758.06819
1268.94318,743.31818
1271.94318,731.31819
1271.94318,720.31818
1265.19318,712.31818
1251.94318,710.31818
1244.94318,715.56818
1244.44318,725.56818
1250.69318,735.31819
1256.19318,742.81818
1257.19318,752.56818
1254.19318,761.06819
C

-color
t
109,111,64
SPL
1247.86363,620.86364
1246.36363,634.86364
1255.36363,650.86364
1279.86363,652.36364
1291.11363,635.61364
1290.86363,610.61364
1281.11363,582.36364
1253.36363,566.36364
1237.11363,577.61364
1237.61363,593.11364
1246.61363,604.86364
C

-color
t
77,88,69
SPL
1261.05357,880.91071
1252.55357,905.41071
1264.05357,921.66071
1280.80357,930.91071
1293.55357,929.91071
1303.05357,922.41071
1304.55357,909.16071
1301.80357,899.41071
1302.55357,888.41071
1309.55357,875.91071
1310.55357,861.16071
1302.05357,852.91071
1284.05357,855.91071
1265.80357,865.16071
C

-color
t
202,150,96
SPL
1273.08333,835.63888
1282.33333,839.13889
1299.08333,834.63888
1308.40503,818.95583
1304.78003,807.20583
1291.53003,801.08083
1278.53003,804.33083
1271.03003,816.58083
1269.28003,827.70583
C

-color
t
109,111,64
SPL
1273.08333,755.63888
1282.33333,759.13889
1299.08333,754.63888
1308.40503,738.95583
1304.78003,727.20583
1291.53003,721.08083
1278.53003,724.33083
1271.03003,736.58083
1269.28003,747.70583
C

-color
t
202,150,96
SPL
1260.88637,702.84091
1271.63637,716.34091
1288.63637,715.59091
1295.13637,703.84091
1297.88637,687.09091
1308.13637,678.59091
1326.13637,675.34091
1337.13637,660.34091
1329.63637,644.84091
1295.88637,650.84091
1265.13637,674.84091
C

-color
t
77,88,69
SPL
1313.08333,779.63888
1322.33333,783.13889
1339.08333,778.63888
1348.40503,762.95583
1344.78003,751.20583
1331.53003,745.08083
1318.53003,748.33083
1311.03003,760.58083
1309.28003,771.70583
C

-color
t
202,150,96
SPL
1316.31250,889.82813
1311.06250,906.32813
1311.56250,921.57813
1322.56250,928.57813
1338.06250,927.32813
1346.31250,918.82813
1350.31250,907.32813
1361.06250,899.07813
1374.06250,897.82813
1386.81250,890.82813
1388.81250,877.32813
1376.56250,865.32813
1350.31250,865.82813
1331.81250,860.07813
1319.06250,865.07813
1314.31250,877.32813
C

-color
t
109,111,64
SPL
1393.08333,899.63888
1402.33333,903.13889
1419.08333,898.63888
1428.40503,882.95583
1424.78003,871.20583
1411.53003,865.08083
1398.53003,868.33083
1391.03003,880.58083
1389.28003,891.70583
C

