REC
0,300
300,600
-color
t
202,150,96
SPL
-21.67314,601.96153
-30.42314,615.96153
-27.67314,632.71153
-20.67314,653.21153
7.82686,656.46153
33.32686,654.71153
37.82686,631.46153
22.82686,612.46153
25.82686,586.71153
17.57686,564.71153
4.07686,555.46153
-12.17314,564.21153
-15.42314,584.96153
C

-color
t
109,111,64
SPL
37.76667,566.91667
30.76667,588.16667
26.51667,605.16667
32.76667,619.16667
43.26667,627.16667
55.26667,634.66667
63.76667,649.16667
71.26667,664.16667
87.51667,670.66667
108.51667,651.16667
84.76667,612.16667
82.51667,597.91667
82.01667,583.41667
74.51667,567.41667
58.76667,561.91667
C

-color
t
202,150,96
SPL
141.16666,594.81250
125.16667,569.06250
104.16666,571.81250
93.16666,582.06250
92.16666,598.31250
99.66666,613.06250
115.16667,621.81250
124.16667,645.31250
137.16666,652.81250
149.16666,646.31250
150.66666,630.56250
140.16666,614.06250
C

-color
t
77,88,69
SPL
160.36539,605.13461
152.36539,616.13461
153.36539,633.38461
165.11539,642.38461
179.36539,655.88461
204.11539,653.63461
209.61539,633.63461
198.86539,617.38461
198.86539,599.13461
195.61539,580.13461
183.86539,570.13461
170.11539,573.88461
164.11539,587.88461
C

-color
t
202,150,96
SPL
227.48438,570.64063
247.23438,560.39063
263.73438,569.14063
266.98438,584.14063
265.98438,607.14063
276.73438,620.39063
289.48438,654.39063
276.73438,664.14063
258.23438,656.64063
252.73438,643.14063
243.23438,628.39063
221.48438,625.64063
211.48438,621.14063
205.23438,606.39063
201.48438,591.89063
209.23438,575.89063
C

-color
t
202,150,96
SPL
252.98684,317.22368
242.23684,334.97369
217.73684,336.22369
196.23684,320.47368
189.48685,304.97369
190.73684,273.22368
204.23684,264.72368
221.48684,261.72368
238.73684,265.97368
249.98684,268.22368
261.98684,272.72368
274.73685,271.22368
286.23685,265.47368
301.48685,266.72368
309.73685,279.22369
303.48684,295.47368
288.98684,300.22369
276.23684,304.47369
264.73684,308.22368
C

-color
t
77,88,69
SPL
89.25006,328.35416
109.75006,327.85416
119.25006,315.10416
127.00006,287.10417
122.75006,250.35416
107.75006,240.60416
80.00006,244.60416
74.50006,266.60416
71.75006,287.35417
58.50006,299.60417
53.75006,313.10416
66.75006,327.85416
C

-color
t
202,150,96
SPL
13.31256,299.64063
36.56256,300.39063
55.56256,295.64063
62.31256,280.64063
60.31256,262.89063
48.06256,253.89063
30.56256,250.89063
14.56256,258.14063
-5.68744,265.14063
-15.68744,281.64063
-23.43744,288.89063
-41.18744,298.14063
-46.43744,317.64063
-31.93744,341.89063
-11.43744,338.64063
1.06256,318.14063
C

-color
t
202,150,96
SPL
30.68750,540.64583
44.18750,554.14583
62.68750,555.14583
75.93750,546.64583
85.18750,533.39583
80.43750,516.14583
58.93750,505.89583
13.43750,501.39583
-14.31250,511.89583
-13.81250,531.39583
-1.06250,539.64583
15.43750,537.39583
C

-color
t
77,88,69
SPL
-3.64999,471.36003
-3.64999,486.11003
1.60001,495.86003
9.85000,499.11003
19.85000,497.11003
28.35001,489.61003
34.85001,477.86003
43.60000,468.86003
55.35001,468.36003
65.10000,476.36003
73.10001,488.61003
85.10001,493.36003
95.10001,489.11003
100.60001,479.61003
99.85001,469.86003
96.60001,456.61003
84.35001,443.86003
64.85000,443.11003
48.35001,441.36003
34.35001,446.86003
20.85000,443.11003
9.35000,439.36003
-1.39999,442.36003
-6.64999,452.36003
-5.64999,463.11003
C

-color
t
77,88,69
SPL
-0.02777,418.45833
9.97223,437.70834
22.97223,439.95834
34.97223,434.95834
46.97223,431.95834
55.97223,434.70834
67.22223,437.95834
78.72223,434.20834
83.22223,424.95833
80.22223,412.45834
74.22223,399.20833
67.72223,388.20834
50.72223,385.95834
38.22223,388.70834
24.22223,393.20834
10.72223,393.45834
1.22223,398.95833
-2.52777,407.20833
C

-color
t
202,150,96
SPL
-7.44444,369.83333
-1.44444,384.33334
14.05556,392.08334
29.05556,388.33334
37.80556,373.58333
53.05556,360.08333
69.30556,363.83333
86.55556,367.08333
95.05556,360.33333
95.05556,342.83333
81.30556,333.33334
61.55556,333.33334
50.55556,345.58333
38.80556,354.33333
25.30556,350.08333
13.55556,340.33334
-1.44444,340.83334
-11.44444,352.83333
C

-color
t
202,150,96
SPL
81.80769,549.73077
87.55769,565.48078
105.80769,568.23078
120.05769,559.73078
128.30769,551.23077
143.05769,545.48078
150.05769,535.48077
146.80769,524.23078
133.55769,517.23078
116.05769,519.48078
101.80769,518.23078
92.30769,524.48078
88.30769,536.23077
C

-color
t
109,111,64
SPL
89.96875,418.90625
82.46875,405.40625
79.21875,395.40625
80.46875,385.40625
85.71875,376.15625
96.21875,370.40625
104.49335,370.92312
110.15021,376.75675
113.86252,386.12592
117.57483,394.61120
126.23689,399.91450
135.95961,400.71000
147.89203,403.27326
153.81405,409.63722
153.10695,419.27155
146.38943,428.64071
138.25771,443.48996
136.21875,453.90625
127.96875,463.40625
114.96875,464.65625
106.46875,459.90625
103.71875,450.65625
105.21875,438.15625
102.21875,429.15625
C

-color
t
109,111,64
SPL
123.82500,379.82500
132.82500,400.07500
160.32500,400.57500
174.32500,382.07500
165.82500,360.07500
166.07500,329.07500
145.07500,318.07500
120.32500,325.32500
110.82500,338.32500
114.57500,354.32500
C

-color
t
77,88,69
SPL
144.60007,508.23334
159.35007,516.98334
173.85007,515.98334
182.60007,504.23334
181.85007,491.23334
182.60007,482.73334
188.10007,466.98334
182.10007,451.23334
163.35007,448.48334
148.60007,460.98334
134.60007,465.23334
117.35007,471.73334
110.85007,490.23334
112.85007,502.23334
128.85007,510.48334
C

-color
t
77,88,69
SPL
132.16661,305.72917
156.91661,312.22917
169.16661,301.22917
175.91661,283.47917
189.91661,275.22917
199.41661,259.72917
182.91661,231.47917
154.16661,231.47917
145.91661,247.72917
146.66661,261.22917
136.91661,276.97917
128.66661,290.47917
C

-color
t
202,150,96
SPL
164.08333,443.63885
173.33333,447.13885
190.08333,442.63885
199.40503,426.95580
195.78003,415.20580
182.53003,409.08080
169.53003,412.33080
162.03003,424.58080
160.28003,435.70580
C

-color
t
202,150,96
SPL
164.79167,558.16667
177.54167,559.41667
193.79167,559.91667
204.79167,549.66667
215.79167,538.16667
221.79167,518.41667
212.79167,502.91667
192.54167,504.91667
180.54167,515.41667
163.79167,520.66667
156.29167,530.91667
153.29167,546.66667
C

-color
t
109,111,64
SPL
179.59745,374.39088
172.26122,364.04944
167.78947,343.50000
181.01167,325.24695
197.62868,327.36827
203.81587,337.35616
204.78814,351.14474
213.36181,361.75134
228.56461,366.34754
237.04989,377.39608
234.28947,388.75000
225.28947,395.00000
215.53948,400.25000
208.03947,409.00000
195.78947,412.75000
184.81237,407.35973
181.36522,399.31639
181.45361,392.86404
182.24911,385.43942
C

-color
t
109,111,64
SPL
201.48438,462.84378
195.48438,484.09378
199.23438,498.84378
220.98438,508.84378
237.98438,506.59378
247.48438,501.84378
255.48438,491.84378
258.23438,476.09378
251.48438,467.34378
239.73438,459.34378
233.48438,449.09378
229.48438,438.09378
220.23438,430.34378
208.23438,431.09378
200.48438,439.84378
199.73438,450.34378
C

-color
t
202,150,96
SPL
228.09091,555.86364
224.59091,538.86364
224.59091,526.61364
228.84091,516.86364
241.84091,508.61365
253.84091,512.61365
258.09091,523.61365
256.34091,534.86364
257.84091,548.11364
253.34091,559.11364
237.34091,563.61364
C

-color
t
202,150,96
SPL
244.61112,445.99997
252.61111,464.24997
267.36112,471.49997
281.86111,461.24997
283.61111,434.74997
274.86111,419.24997
248.11112,405.99997
230.36111,416.49997
231.86111,432.74997
C

-color
t
77,88,69
SPL
244.08333,387.63888
253.33333,391.13889
270.08333,386.63888
279.40503,370.95583
275.78003,359.20583
262.53003,353.08083
249.53003,356.33083
242.03003,368.58083
240.28003,379.70583
C

-color
t
77,88,69
SPL
239.75000,382.32813
247.75000,402.82813
264.00000,407.07813
279.00000,397.82813
292.25000,391.82813
306.25000,396.57813
318.50000,398.32813
331.50000,389.57813
333.00000,373.32813
318.50000,361.82813
300.50000,349.07813
290.25000,333.32813
272.00000,330.57813
250.75000,337.82813
231.75000,355.32813
231.50000,367.82813
C

-color
t
202,150,96
SPL
270.54167,571.25000
270.04167,588.25000
285.54167,599.50000
302.79167,590.00000
303.54167,572.25000
298.04167,555.50000
305.04167,535.50000
298.04167,520.75000
285.54167,518.50000
275.54167,524.75000
273.04167,539.50000
276.29167,553.50000
C

-color
t
202,150,96
SPL
255.88637,502.84091
266.63637,516.34091
283.63637,515.59091
290.13637,503.84091
292.88637,487.09091
303.13637,478.59091
321.13637,475.34091
332.13637,460.34091
324.63637,444.84091
290.88637,450.84091
260.13637,474.84091
C

