REC
1500,300
1800,600
-color
t
109,111,64
SPL
1815.13889,642.55556
1811.13888,658.30556
1797.88889,664.55556
1779.38889,664.55556
1762.63889,647.55556
1759.38889,627.30556
1763.13889,609.80556
1776.88889,599.80556
1786.63888,591.80556
1794.13889,584.55556
1799.63889,578.05556
1806.63889,573.05556
1816.63889,572.30556
1825.13889,577.80556
1829.13889,588.80556
1825.38889,599.30556
1817.38889,607.05556
1811.13888,618.05556
C

-color
t
77,88,69
SPL
1736.40790,648.11842
1749.90790,640.61842
1758.90790,626.36842
1758.15790,609.36842
1750.65790,597.61842
1737.15790,591.36842
1722.65790,586.36842
1715.15790,573.61842
1708.15790,561.36842
1696.65790,557.11842
1686.15790,564.11842
1686.65790,581.36842
1694.90790,604.86842
1701.15790,615.36842
1700.65790,627.61842
1690.65790,648.61842
1698.40790,660.86842
1717.15790,661.86842
1725.90790,654.61842
C

-color
t
202,150,96
SPL
1673.26495,619.52941
1664.51495,643.27941
1639.76495,647.77941
1619.01495,644.77941
1608.51495,640.52941
1596.01495,630.02941
1589.01495,610.52941
1589.76495,595.27941
1601.26495,586.02941
1615.01495,591.27941
1633.01495,605.02941
1648.51495,600.77941
1658.76495,585.77941
1673.01495,580.77941
1683.76495,586.52941
1686.76495,596.27941
1681.51495,608.52941
C

-color
t
109,111,64
SPL
1572.10715,644.33333
1583.35715,638.58333
1591.35715,625.83333
1588.85715,613.58333
1584.60715,598.33333
1590.60715,584.33333
1594.85715,572.33333
1592.60715,558.33333
1577.60715,549.33333
1566.10715,553.83333
1559.10715,572.08333
1550.85715,587.33333
1541.60715,600.33333
1526.85715,607.83333
1513.85715,615.33333
1507.35715,630.33333
1513.35715,643.83333
1527.10715,651.83333
1539.10715,662.08333
1551.85715,662.33333
1562.10715,654.33333
C

-color
t
109,111,64
SPL
1504.80264,259.68421
1514.80264,245.43421
1529.55264,240.93421
1549.80263,243.18421
1563.30264,245.43421
1572.80264,251.93421
1578.05264,259.18421
1580.30264,270.68421
1573.55264,290.68421
1567.55264,306.68421
1560.80264,318.18421
1563.80264,336.18421
1562.30264,350.18421
1551.80263,356.93421
1538.30264,351.93421
1533.80264,329.43421
1541.55264,304.68421
1536.55264,287.68421
1513.55264,276.68421
C

-color
t
77,88,69
SPL
1618.16667,241.55556
1603.66666,247.55556
1595.91666,263.05556
1599.66666,278.05556
1614.41667,286.80556
1627.91667,302.05556
1624.16667,318.30556
1620.91667,335.55556
1627.66667,344.05556
1645.16667,344.05556
1654.66666,330.30556
1654.66666,310.55556
1642.41667,299.55556
1633.66667,287.80556
1637.91667,274.30556
1647.66666,262.55556
1647.16666,247.55556
1635.16667,237.55556
C

-color
t
202,150,96
SPL
1709.55556,258.68056
1683.05556,250.68056
1665.05556,261.93056
1662.80556,276.93056
1666.30556,290.43056
1681.30556,296.93056
1698.80556,295.18056
1711.55556,301.93056
1712.80556,315.93056
1706.80556,329.68056
1709.55556,345.68056
1725.55556,352.93056
1740.55556,343.43056
1744.05556,304.93056
1758.30556,284.68056
1754.55556,262.68056
1736.55556,253.68056
1721.55556,257.43056
C

-color
t
109,111,64
SPL
1776.51225,276.08749
1771.26225,261.58750
1777.51225,247.58749
1791.76225,240.08749
1810.76225,239.83749
1824.51225,250.58749
1827.76225,267.08750
1825.26225,277.08749
1814.76225,286.83750
1805.51225,290.83750
1795.26225,296.08749
1790.26225,306.33750
1789.76225,323.08749
1788.26225,336.58749
1778.76225,344.33749
1766.01225,342.08749
1760.51225,331.08749
1763.01225,318.08750
1770.51225,308.08750
1778.76225,295.33749
C

-color
t
77,88,69
SPL
1535.79988,601.62500
1539.79988,582.62500
1548.04988,560.87500
1568.54988,545.62500
1581.54988,545.12500
1599.29988,546.12500
1610.04988,540.12500
1613.79988,524.87500
1602.79988,507.62500
1579.04988,507.62500
1546.29988,519.37500
1515.79988,529.12500
1500.04988,533.87500
1492.79988,544.12500
1487.79988,565.37500
1486.04988,582.12500
1487.79988,592.87500
1496.29988,603.12500
1509.04988,606.62500
1522.29988,609.62500
C

-color
t
202,150,96
SPL
1513.34988,505.95000
1500.34988,504.95000
1490.09988,494.20000
1498.34988,472.45000
1514.59987,465.20000
1525.09988,466.70000
1532.59988,473.20000
1541.09988,479.20000
1553.84988,478.95000
1563.09988,469.45000
1570.59988,457.45000
1584.59988,453.45000
1594.34988,460.45000
1593.09988,475.45000
1571.59988,488.70000
1561.59988,500.45000
1554.09988,509.95000
1544.59988,511.95000
1534.09988,508.70000
1524.09988,505.20000
C

-color
t
109,111,64
SPL
1509.80757,445.73074
1515.55757,461.48075
1533.80757,464.23075
1548.05757,455.73075
1556.30757,447.23074
1571.05757,441.48074
1578.05757,431.48074
1574.80757,420.23075
1561.55757,413.23075
1544.05757,415.48075
1529.80757,414.23075
1520.30757,420.48075
1516.30757,432.23074
C

-color
t
202,150,96
SPL
1528.08321,403.63892
1537.33321,407.13892
1554.08321,402.63892
1563.40491,386.95586
1559.77991,375.20586
1546.52991,369.08086
1533.52991,372.33086
1526.02991,384.58086
1524.27991,395.70586
C

-color
t
77,88,69
SPL
1546.36830,413.07892
1524.11830,409.32892
1517.36830,392.57892
1519.61830,376.82892
1534.86830,364.07892
1549.36830,360.82892
1561.11830,363.57892
1567.36830,374.32892
1571.11830,388.07892
1579.61830,396.07892
1592.86830,397.82892
1614.36830,398.82892
1622.36830,405.82892
1624.11830,417.32892
1616.36830,426.82892
1605.61830,427.57892
1594.11830,419.82892
1580.86830,410.57892
1566.11830,407.07892
C

-color
t
202,150,96
SPL
1576.09091,371.86364
1572.59091,354.86364
1572.59091,342.61364
1576.84091,332.86364
1589.84091,324.61365
1601.84091,328.61365
1606.09091,339.61365
1604.34091,350.86364
1605.84091,364.11364
1601.34091,375.11364
1585.34091,379.61364
C

-color
t
109,111,64
SPL
1595.40909,440.43181
1612.15909,454.43182
1632.90909,450.93182
1649.90909,437.68181
1640.90909,409.68182
1637.65909,388.18181
1620.90909,377.43182
1605.40909,381.43182
1594.40909,397.68181
1578.40909,411.68181
1579.40909,429.93182
C

-color
t
77,88,69
SPL
1608.08333,563.63888
1617.33333,567.13889
1634.08333,562.63888
1643.40503,546.95583
1639.78003,535.20583
1626.53003,529.08083
1613.53003,532.33083
1606.03003,544.58083
1604.28003,555.70583
C

-color
t
202,150,96
SPL
1616.39063,505.07816
1597.14063,495.82816
1593.39063,476.32816
1607.89063,459.57816
1624.39063,459.82816
1633.14063,470.32816
1639.89063,481.82816
1642.89063,493.57816
1652.89063,506.07816
1666.64063,513.57816
1676.64063,527.32816
1671.89063,541.57816
1657.64063,545.32816
1642.89063,536.07816
1638.64063,527.32816
1631.89063,515.57816
C

-color
t
109,111,64
SPL
1618.13637,318.50000
1626.88637,303.50000
1648.13637,296.25000
1661.63637,309.75000
1664.38637,324.75000
1660.38637,343.25000
1654.88637,365.50000
1632.63637,371.75000
1618.38637,357.50000
1607.38637,345.50000
1608.88637,329.50000
C

-color
t
202,150,96
SPL
1648.09091,491.86367
1644.59091,474.86367
1644.59091,462.61367
1648.84091,452.86367
1661.84091,444.61368
1673.84091,448.61368
1678.09091,459.61368
1676.34091,470.86367
1677.84091,484.11367
1673.34091,495.11367
1657.34091,499.61367
C

-color
t
77,88,69
SPL
1678.77632,399.85529
1680.02632,413.85529
1687.02632,424.35529
1700.52632,429.10529
1711.27632,435.85529
1713.77632,446.35529
1706.52632,456.85529
1696.02632,458.35529
1686.27632,455.10529
1678.77632,451.60529
1668.52632,443.10529
1660.02632,434.60529
1653.77632,423.85529
1650.27632,415.35529
1647.27632,401.60529
1647.27632,391.85529
1652.77632,384.35529
1661.27632,382.10529
1671.27632,386.35529
C

-color
t
202,150,96
SPL
1673.85001,347.35000
1660.85000,360.35000
1658.60000,377.10000
1672.35001,386.60000
1692.10001,391.35000
1702.85000,382.85000
1704.10000,371.60000
1700.10001,361.60000
1697.10001,349.35000
1701.60000,330.60000
1698.85001,313.10000
1688.35000,306.60000
1678.35001,310.10000
1674.60001,320.60000
1677.60001,335.35000
C

-color
t
109,111,64
SPL
1688.09103,539.86364
1684.59103,522.86364
1684.59103,510.61364
1688.84103,500.86364
1701.84103,492.61365
1713.84103,496.61365
1718.09103,507.61365
1716.34103,518.86364
1717.84103,532.11364
1713.34103,543.11364
1697.34103,547.61364
C

-color
t
77,88,69
SPL
1688.60703,541.92857
1694.35703,549.67857
1704.35703,557.42857
1718.85703,558.67857
1734.10703,549.42857
1736.60703,537.42857
1732.35703,526.17857
1730.10703,511.67857
1726.60703,497.67857
1717.35703,491.92857
1692.35703,491.17857
1674.10703,496.67857
1671.10703,515.67857
1682.60703,530.92857
C

-color
t
202,150,96
SPL
1712.08321,395.63888
1721.33321,399.13889
1738.08321,394.63888
1747.40491,378.95583
1743.77991,367.20583
1730.52991,361.08083
1717.52991,364.33083
1710.02991,376.58083
1708.27991,387.70583
C

-color
t
109,111,64
SPL
1708.93762,412.66666
1693.93762,396.66666
1702.43762,366.66666
1735.43762,353.41666
1762.93762,366.91666
1766.43762,394.91666
1755.68762,418.16667
1752.68762,439.91666
1743.93762,459.66666
1727.18762,465.66666
1711.93762,454.16666
1710.43762,434.66666
C

-color
t
202,150,96
SPL
1741.91692,512.93753
1744.41692,529.43753
1756.16692,539.18753
1782.91692,536.68753
1792.16692,516.43753
1779.91692,500.18753
1756.66692,486.18753
1744.16692,472.43753
1728.16692,466.93753
1718.66692,473.93753
1719.41692,485.93753
1734.16692,498.93753
C

-color
t
77,88,69
SPL
1760.09091,483.86367
1756.59091,466.86367
1756.59091,454.61367
1760.84091,444.86367
1773.84091,436.61368
1785.84091,440.61368
1790.09091,451.61368
1788.34091,462.86367
1789.84091,476.11367
1785.34091,487.11367
1769.34091,491.61367
C

-color
t
202,150,96
SPL
1757.48438,446.84375
1751.48438,468.09375
1755.23438,482.84375
1776.98438,492.84375
1793.98438,490.59375
1803.48438,485.84375
1811.48438,475.84375
1814.23438,460.09375
1807.48438,451.34375
1795.73438,443.34375
1789.48438,433.09375
1785.48438,422.09375
1776.23438,414.34375
1764.23438,415.09375
1756.48438,423.84375
1755.73438,434.34375
C

-color
t
109,111,64
SPL
1786.48077,405.53849
1783.73077,419.53849
1792.48077,432.53849
1817.23078,431.28849
1827.98078,420.53849
1826.98078,399.03849
1814.48078,386.78849
1808.98077,365.78849
1792.23077,337.03849
1764.23077,343.28849
1761.98077,364.78849
1777.48078,378.53849
1787.48077,389.28849
C

-color
t
202,150,96
SPL
1466.61112,338.00000
1474.61111,356.25000
1489.36112,363.50000
1503.86111,353.25000
1505.61111,326.75000
1496.86111,311.25000
1470.11112,298.00000
1452.36111,308.50000
1453.86111,324.75000
C

